-62920 -111.371
-62910 -110.034
-62900 -108.698
-62890 -107.372
-62880 -106.056
-62870 -104.75
-62860 -103.454
-62850 -102.158
-62840 -100.872
-62830 -99.5956
-62820 -98.3294
-62810 -97.0733
-62800 -95.8272
-62790 -94.5811
-62780 -93.345
-62770 -92.1189
-62760 -90.9028
-62750 -89.6967
-62740 -88.4906
-62730 -87.3044
-62720 -86.1183
-62710 -84.9422
-62700 -83.7761
-62690 -82.61
-62680 -81.4639
-62670 -80.3178
-62660 -79.1817
-62650 -78.0556
-62640 -76.9394
-62630 -75.8233
-62620 -74.7272
-62610 -73.6311
-62600 -72.545
-62590 -71.4689
-62580 -70.3928
-62570 -69.3367
-62560 -68.2806
-62550 -67.2344
-62540 -66.1983
-62530 -65.1722
-62520 -64.1461
-62510 -63.14
-62500 -62.1339
-62490 -61.1378
-62480 -60.1517
-62470 -59.1656
-62460 -58.1994
-62450 -57.2333
-62440 -56.2772
-62430 -55.3311
-62420 -54.395
-62410 -53.4589
-62400 -52.5328
-62390 -51.6267
-62380 -50.7206
-62370 -49.8144
-62360 -48.9283
-62350 -48.0422
-62340 -47.1761
-62330 -46.31
-62320 -45.4439
-62310 -44.5978
-62300 -43.7617
-62290 -42.9256
-62280 -42.0994
-62270 -41.2833
-62260 -40.4772
-62250 -39.6711
-62240 -38.875
-62230 -38.0989
-62220 -37.3128
-62210 -36.5467
-62200 -35.7906
-62190 -35.0344
-62180 -34.2883
-62170 -33.5522
-62160 -32.8261
-62150 -32.11
-62140 -31.3939
-62130 -30.6878
-62120 -29.9917
-62110 -29.3056
-62100 -28.6294
-62090 -27.9533
-62080 -27.2972
-62070 -26.6411
-62060 -25.995
-62050 -25.3489
-62040 -24.7228
-62030 -24.0967
-62020 -23.4806
-62010 -22.8744
-62000 -22.2783
-61990 -21.6822
-61980 -21.0961
-61970 -20.53
-61960 -19.9539
-61950 -19.3978
-61940 -18.8517
-61930 -18.3056
-61920 -17.7694
-61910 -17.2433
-61900 -16.7272
-61890 -16.2111
-61880 -15.715
-61870 -15.2189
-61860 -14.7328
-61850 -14.2467
-61840 -13.7806
-61830 -13.3144
-61820 -12.8583
-61810 -12.4122
-61800 -11.9761
-61790 -11.54
-61780 -11.1239
-61770 -10.7078
-61760 -10.3017
-61750 -9.89556
-61740 -9.50945
-61730 -9.12333
-61720 -8.74722
-61710 -8.38111
-61700 -8.025
-61690 -7.66889
-61680 -7.32278
-61670 -6.98667
-61660 -6.66056
-61650 -6.34445
-61640 -6.02833
-61630 -5.72222
-61620 -5.42611
-61610 -5.14
-61600 -4.86389
-61590 -4.58778
-61580 -4.32167
-61570 -4.06556
-61560 -3.81945
-61550 -3.57333
-61540 -3.34722
-61530 -3.12111
-61520 -2.905
-61510 -2.68889
-61500 -2.49278
-61490 -2.29667
-61480 -2.11056
-61470 -1.93445
-61460 -1.76833
-61450 -1.60222
-61440 -1.44611
-61430 -1.3
-61420 -1.16389
-61410 -1.02778
-61400 -0.911667
-61390 -0.795556
-61380 -0.689445
-61370 -0.583334
-61360 -0.497223
-61350 -0.411111
-61340 -0.335
-61330 -0.268889
-61320 -0.202778
-61310 -0.156667
-61300 -0.110556
-61290 -0.0744446
-61280 -0.0483334
-61270 -0.0222223
-61260 -0.00611114
-61250 0
-61240 -0.00388886
-61230 -0.0177777
-61220 -0.0316666
-61210 -0.0555554
-61200 -0.0894443
-61190 -0.133333
-61180 -0.177222
-61170 -0.241111
-61160 -0.305
-61150 -0.378889
-61140 -0.452777
-61130 -0.536666
-61120 -0.640555
-61110 -0.734444
-61100 -0.848333
-61090 -0.972222
-61080 -1.09611
-61070 -1.23
-61060 -1.37389
-61050 -1.51778
-61040 -1.67167
-61030 -1.83555
-61020 -2.00944
-61010 -2.19333
-61000 -2.37722
-60990 -2.57111
-60980 -2.775
-60970 -2.98889
-60960 -3.21278
-60950 -3.43667
-60940 -3.67055
-60930 -3.91444
-60920 -4.15833
-60910 -4.41222
-60900 -4.67611
-60890 -4.95
-60880 -5.23389
-60870 -5.51778
-60860 -5.81167
-60850 -6.11555
-60840 -6.42944
-60830 -6.74333
-60820 -7.06722
-60810 -7.40111
-60800 -7.745
-60790 -8.09889
-60780 -8.45278
-60770 -8.81667
-60760 -9.19055
-60750 -9.56444
-60740 -9.94833
-60730 -10.3422
-60720 -10.7461
-60710 -11.16
-60700 -11.5739
-60690 -11.9978
-60680 -12.4317
-60670 -12.8656
-60660 -13.3194
-60650 -13.7733
-60640 -14.2372
-60630 -14.7011
-60620 -15.185
-60610 -15.6689
-60600 -16.1628
-60590 -16.6567
-60580 -17.1706
-60570 -17.6844
-60560 -18.2083
-60550 -18.7322
-60540 -19.2761
-60530 -19.82
-60520 -20.3739
-60510 -20.9278
-60500 -21.5017
-60490 -22.0756
-60480 -22.6594
-60470 -23.2433
-60460 -23.8472
-60450 -24.4511
-60440 -25.065
-60430 -25.6889
-60420 -26.3128
-60410 -26.9467
-60400 -27.5906
-60390 -28.2444
-60380 -28.8983
-60370 -29.5622
-60360 -30.2361
-60350 -30.92
-60340 -31.6039
-60330 -32.2978
-60320 -33.0017
-60310 -33.7156
-60300 -34.4294
-60290 -35.1533
-60280 -35.8872
-60270 -36.6211
-60260 -37.375
-60250 -38.1289
-60240 -38.8928
-60230 -39.6567
-60220 -40.4306
-60210 -41.2144
-60200 -42.0083
-60190 -42.8122
-60180 -43.6161
-60170 -44.43
-60160 -45.2539
-60150 -46.0778
-60140 -46.9117
-60130 -47.7556
-60120 -48.6094
-60110 -49.4633
-60100 -50.3272
-60090 -51.2011
-60080 -52.085
-60070 -52.9689
-60060 -53.8628
-60050 -54.7667
-60040 -55.6706
-60030 -56.5944
-60020 -57.5183
-60010 -58.4422
-60000 -59.3861
-59990 -60.33
-59980 -61.2839
-59970 -62.2478
-59960 -63.2117
-59950 -64.1856
-59940 -65.1694
-59930 -66.1633
-59920 -67.1572
-59910 -68.1611
-59900 -69.175
-59890 -70.1889
-59880 -71.2228
-59870 -72.2567
-59860 -73.2906
-59850 -74.3444
-59840 -75.3983
-59830 -76.4622
-59820 -77.5261
-59810 -78.61
-59800 -79.6939
-59790 -80.7778
-59780 -81.8817
-59770 -82.9856
-59760 -84.0994
-59750 -85.2233
-59740 -86.3472
-59730 -87.4811
-59720 -88.625
-59710 -89.7689
-59700 -90.9328
-59690 -92.0967
-59680 -93.2606
-59670 -94.4444
-59660 -95.6283
-59650 -96.8222
-59640 -98.0161
-59630 -99.23
-59620 -100.444
-59610 -101.658
-59600 -102.892
-59590 -104.126
-59580 -105.369
-59570 -106.623
-59560 -107.877
-59550 -109.141
-59540 -110.415
-59530 -111.689
-59520 -112.973
-59510 -114.267
-59500 -115.571
-59490 -116.874
-59480 -118.188
-59470 -119.512
-59460 -120.836
-59450 -122.17
-59440 -123.514
-59430 -124.868
-59420 -126.222
-59410 -127.586
-59400 -128.959
-59390 -130.333
-59380 -131.717
-59370 -133.111
-59360 -134.515
-59350 -135.919
-59340 -137.333
-59330 -138.757
-59320 -140.181
-59310 -141.614
-59300 -143.058
-59290 -144.512
-59280 -145.966
-59270 -147.43
-59260 -148.894
-59250 -150.378
-59240 -151.862
-59230 -153.346
-59220 -154.849
-59210 -156.353
-59200 -157.867
-59190 -159.381
-59180 -160.915
-59170 -162.439
-59160 -163.983
-59150 -165.527
-59140 -167.091
-59130 -168.644
-59120 -170.218
-59110 -171.792
-59100 -173.376
-59090 -174.96
-59080 -176.554
-59070 -178.158
-59060 -179.772
-59050 -181.386
-59040 -183.009
-59030 -184.643
-59020 -186.287
-59010 -187.931
-59000 -189.575
-58990 -191.239
-58980 -192.903
-58970 -194.577
-58960 -196.261
-58950 -197.944
-58940 -199.638
-58930 -201.342
-58920 -203.046
-58910 -204.76
-58900 -206.484
-58890 -208.208
-58880 -209.942
-58870 -211.686
-58860 -213.439
-58850 -215.193
-58840 -216.957
-58830 -218.721
-58820 -220.505
-58810 -222.279
-58800 -224.073
-58790 -225.867
-58780 -227.671
-58770 -229.484
-58760 -231.308
-58750 -233.132
-58740 -234.956
-58730 -236.8
-58720 -238.644
-58710 -240.498
-58700 -242.352
-58690 -244.216
-58680 -246.089
-58670 -247.973
-58660 -249.857
-58650 -251.751
-58640 -253.655
-58630 -255.559
-58620 -257.473
-58610 -259.387
-58600 -261.321
-58590 -263.254
-58580 -265.188
-58570 -267.142
-58560 -269.096
-58550 -271.06
-58540 -273.024
-58530 -274.998
-58520 -276.982
-58510 -278.966
-58500 -280.959
-58490 -282.963
-58480 -284.977
-58470 -286.991
-58460 -289.015
-58450 -291.039
-58440 -293.073
-58430 -295.117
-58420 -297.171
-58410 -299.224
-58400 -301.288
-58390 -303.352
-58380 -305.426
-58370 -307.51
-58360 -309.604
-58350 -311.698
-58340 -313.802
-58330 -315.916
-58320 -318.029
-58310 -320.153
-58300 -322.277
-58290 -324.421
-58280 -326.565
-58270 -328.709
-58260 -330.863
-58250 -333.027
-58240 -335.201
-58230 -337.374
-58220 -339.558
-58210 -341.752
-58200 -343.946
-58190 -346.15
-58180 -348.364
-58170 -350.578
-58160 -352.802
-58150 -355.026
-58140 -357.269
-58130 -359.513
-58120 -361.757
-58110 -364.021
-58100 -366.275
-58090 -368.549
-58080 -370.823
-58070 -373.107
-58060 -375.401
-58050 -377.694
-58040 -379.998
-58030 -382.302
-58020 -384.626
-58010 -386.95
-58000 -389.274
-57990 -391.608
-57980 -393.952
-57970 -396.306
-57960 -398.659
-57950 -401.023
-57940 -403.387
-57930 -405.761
-57920 -408.145
-57910 -410.539
-57900 -412.933
-57890 -415.337
-57880 -417.741
-57870 -420.154
-57860 -422.578
-57850 -425.002
-57840 -427.436
-57830 -429.88
-57820 -432.324
-57810 -434.778
-57800 -437.242
-57790 -439.706
-57780 -442.179
-57770 -444.663
-57760 -447.147
-57750 -449.641
-57740 -452.145
-57730 -454.649
-57720 -457.163
-57710 -459.687
-57700 -462.211
-57690 -464.744
-57680 -467.278
-57670 -469.822
-57660 -472.376
-57650 -474.93
-57640 -477.504
-57630 -480.068
-57620 -482.652
-57610 -485.236
-57600 -487.819
-57590 -490.423
-57580 -493.027
-57570 -495.631
-57560 -498.255
-57550 -500.869
-57540 -503.503
-57530 -506.137
-57520 -508.781
-57510 -511.434
-57500 -514.088
-57490 -516.742
-57480 -519.416
-57470 -522.09
-57460 -524.774
-57450 -527.458
-57440 -530.152
-57430 -532.856
-57420 -535.559
-57410 -538.273
-57400 -540.987
-57390 -543.711
-57380 -546.445
-57370 -549.189
-57360 -551.933
-57350 -554.687
-57340 -557.441
-57330 -560.204
-57320 -562.978
-57310 -565.752
-57300 -568.536
-57290 -571.32
-57280 -574.124
-57270 -576.918
-57260 -579.732
-57250 -582.546
-57240 -585.369
-57230 -588.193
-57220 -591.027
-57210 -593.871
-57200 -596.715
-57190 -599.569
-57180 -602.433
-57170 -605.297
-57160 -608.171
-57150 -611.044
-57140 -613.928
-57130 -616.822
-57120 -619.716
-57110 -622.62
-57100 -625.534
-57090 -628.448
-57080 -631.372
-57070 -634.296
-57060 -637.229
-57050 -640.173
-57040 -643.127
-57030 -646.081
-57020 -649.035
-57010 -651.999
-57000 -654.973
-56990 -657.957
-56980 -660.941
-56970 -663.934
-56960 -666.928
-56950 -669.932
-56940 -672.946
-56930 -675.96
-56920 -678.984
-56910 -682.018
-56900 -685.052
-56890 -688.086
-56880 -691.139
-56870 -694.193
-56860 -697.257
-56850 -700.321
-56840 -703.395
-56830 -706.469
-56820 -709.553
-56810 -712.647
-56800 -715.741
-56790 -718.844
-56780 -721.958
-56770 -725.072
-56760 -728.196
-56750 -731.33
-56740 -734.464
-56730 -737.598
-56720 -740.752
-56710 -743.906
-56700 -747.059
-56690 -750.223
-56680 -753.397
-56670 -756.581
-56660 -759.765
-56650 -762.949
-56640 -766.153
-56630 -769.357
-56620 -772.561
-56610 -775.774
-56600 -778.998
-56590 -782.222
-56580 -785.456
-56570 -788.7
-56560 -791.944
-56550 -795.198
-56540 -798.452
-56530 -801.716
-56520 -804.989
-56510 -808.263
-56500 -811.547
-56490 -814.831
-56480 -818.125
-56470 -821.429
-56460 -824.733
-56450 -828.047
-56440 -831.371
-56430 -834.694
-56420 -838.028
-56410 -841.362
-56400 -844.706
-56390 -848.06
-56380 -851.414
-56370 -854.778
-56360 -858.142
-56350 -861.516
-56340 -864.899
-56330 -868.283
-56320 -871.677
-56310 -875.071
-56300 -878.475
-56290 -881.889
-56280 -885.303
-56270 -888.727
-56260 -892.151
-56250 -895.584
-56240 -899.028
-56230 -902.472
-56220 -905.926
-56210 -909.39
-56200 -912.854
-56190 -916.318
-56180 -919.802
-56170 -923.286
-56160 -926.769
-56150 -930.263
-56140 -933.767
-56130 -937.271
-56120 -940.785
-56110 -944.299
-56100 -947.823
-56090 -951.357
-56080 -954.891
-56070 -958.434
-56060 -961.988
-56050 -965.542
-56040 -969.106
-56030 -972.67
-56020 -976.244
-56010 -979.818
-56000 -983.402
-55990 -986.996
-55980 -990.589
-55970 -994.193
-55960 -997.797
-55950 -1001.41
-55940 -1005.03
-55930 -1008.66
-55920 -1012.29
-55910 -1015.93
-55900 -1019.57
-55890 -1023.22
-55880 -1026.88
-55870 -1030.54
-55860 -1034.21
-55850 -1037.88
-55840 -1041.56
-55830 -1045.25
-55820 -1048.94
-55810 -1052.64
-55800 -1056.34
-55790 -1060.05
-55780 -1063.77
-55770 -1067.48
-55760 -1071.21
-55750 -1074.95
-55740 -1078.68
-55730 -1082.43
-55720 -1086.18
-55710 -1089.93
-55700 -1093.7
-55690 -1097.46
-55680 -1101.24
-55670 -1105.02
-55660 -1108.8
-55650 -1112.6
-55640 -1116.39
-55630 -1120.2
-55620 -1124
-55610 -1127.81
-55600 -1131.64
-55590 -1135.46
-55580 -1139.29
-55570 -1143.14
-55560 -1146.98
-55550 -1150.83
-55540 -1154.68
-55530 -1158.54
-55520 -1162.42
-55510 -1166.28
-55500 -1170.17
-55490 -1174.05
-55480 -1177.94
-55470 -1181.84
-55460 -1185.74
-55450 -1189.65
-55440 -1193.56
-55430 -1197.48
-55420 -1201.41
-55410 -1205.34
-55400 -1209.27
-55390 -1213.22
-55380 -1217.16
-55370 -1221.12
-55360 -1225.08
-55350 -1229.04
-55340 -1233.02
-55330 -1236.99
-55320 -1240.98
-55310 -1244.97
-55300 -1248.96
-55290 -1252.96
-55280 -1256.96
-55270 -1260.98
-55260 -1265
-55250 -1269.02
-55240 -1273.05
-55230 -1277.08
-55220 -1281.12
-55210 -1285.17
-55200 -1289.22
-55190 -1293.28
-55180 -1297.34
-55170 -1301.41
-55160 -1305.49
-55150 -1309.57
-55140 -1313.66
-55130 -1317.75
-55120 -1321.84
-55110 -1325.95
-55100 -1330.05
-55090 -1334.18
-55080 -1338.29
-55070 -1342.41
-55060 -1346.55
-55050 -1350.69
-55040 -1354.83
-55030 -1358.98
-55020 -1363.13
-55010 -1367.3
-55000 -1371.46
-54990 -1375.63
-54980 -1379.81
-54970 -1383.99
-54960 -1388.18
-54950 -1392.37
-54940 -1396.57
-54930 -1400.78
-54920 -1404.99
-54910 -1409.21
-54900 -1413.43
-54890 -1417.66
-54880 -1421.9
-54870 -1426.13
-54860 -1430.37
-54850 -1434.63
-54840 -1438.88
-54830 -1443.15
-54820 -1447.41
-54810 -1451.68
-54800 -1455.97
-54790 -1460.25
-54780 -1464.54
-54770 -1468.83
-54760 -1473.13
-54750 -1477.44
-54740 -1481.75
-54730 -1486.08
-54720 -1490.4
-54710 -1494.72
-54700 -1499.06
-54690 -1503.4
-54680 -1507.74
-54670 -1512.1
-54660 -1516.45
-54650 -1520.82
-54640 -1525.18
-54630 -1529.55
-54620 -1533.94
-54610 -1538.32
-54600 -1542.72
-54590 -1547.11
-54580 -1551.51
-54570 -1555.92
-54560 -1560.33
-54550 -1564.75
-54540 -1569.17
-54530 -1573.6
-54520 -1578.04
-54510 -1582.47
-54500 -1586.92
-54490 -1591.37
-54480 -1595.83
-54470 -1600.29
-54460 -1604.76
-54450 -1609.23
-54440 -1613.71
-54430 -1618.19
-54420 -1622.69
-54410 -1627.18
-54400 -1631.68
-54390 -1636.19
-54380 -1640.7
-54370 -1645.22
-54360 -1649.74
-54350 -1654.26
-54340 -1658.8
-54330 -1663.34
-54320 -1667.88
-54310 -1672.44
-54300 -1676.99
-54290 -1681.56
-54280 -1686.12
-54270 -1690.69
-54260 -1695.27
-54250 -1699.85
-54240 -1704.44
-54230 -1709.03
-54220 -1713.63
-54210 -1718.24
-54200 -1722.85
-54190 -1727.47
-54180 -1732.09
-54170 -1736.71
-54160 -1741.35
-54150 -1745.98
-54140 -1750.62
-54130 -1755.27
-54120 -1759.92
-54110 -1764.59
-54100 -1769.25
-54090 -1773.91
-54080 -1778.6
-54070 -1783.27
-54060 -1787.96
-54050 -1792.65
-54040 -1797.34
-54030 -1802.05
-54020 -1806.76
-54010 -1811.48
-54000 -1816.19
-53990 -1820.91
-53980 -1825.65
-53970 -1830.38
-53960 -1835.11
-53950 -1839.86
-53940 -1844.61
-53930 -1849.37
-53920 -1854.13
-53910 -1858.89
-53900 -1863.67
-53890 -1868.44
-53880 -1873.23
-53870 -1878.02
-53860 -1882.81
-53850 -1887.61
-53840 -1892.41
-53830 -1897.23
-53820 -1902.04
-53810 -1906.86
-53800 -1911.69
-53790 -1916.51
-53780 -1921.35
-53770 -1926.19
-53760 -1931.04
-53750 -1935.9
-53740 -1940.75
-53730 -1945.61
-53720 -1950.48
-53710 -1955.35
-53700 -1960.24
-53690 -1965.12
-53680 -1970
-53670 -1974.9
-53660 -1979.8
-53650 -1984.71
-53640 -1989.62
-53630 -1994.53
-53620 -1999.46
-53610 -2004.38
-53600 -2009.31
-53590 -2014.25
-53580 -2019.19
-53570 -2024.14
-53560 -2029.09
-53550 -2034.04
-53540 -2039.01
-53530 -2043.98
-53520 -2048.96
-53510 -2053.93
-53500 -2058.91
-53490 -2063.91
-53480 -2068.9
-53470 -2073.9
-53460 -2078.91
-53450 -2083.91
-53440 -2088.93
-53430 -2093.95
-53420 -2098.97
-53410 -2104.01
-53400 -2109.04
-53390 -2114.09
-53380 -2119.13
-53370 -2124.18
-53360 -2129.24
-53350 -2134.3
-53340 -2139.38
-53330 -2144.45
-53320 -2149.52
-53310 -2154.61
-53300 -2159.69
-53290 -2164.79
-53280 -2169.89
-53270 -2174.99
-53260 -2180.1
-53250 -2185.22
-53240 -2190.33
-53230 -2195.46
-53220 -2200.59
-53210 -2205.73
-53200 -2210.87
-53190 -2216.01
-53180 -2221.16
-53170 -2226.32
-53160 -2231.48
-53150 -2236.65
-53140 -2241.81
-53130 -2247
-53120 -2252.17
-53110 -2257.37
-53100 -2262.55
-53090 -2267.75
-53080 -2272.95
-53070 -2278.16
-53060 -2283.37
-53050 -2288.59
-53040 -2293.81
-53030 -2299.04
-53020 -2304.27
-53010 -2309.51
-53000 -2314.75
-52990 -2320
-52980 -2325.26
-52970 -2330.51
-52960 -2335.77
-52950 -2341.05
-52940 -2346.32
-52930 -2351.6
-52920 -2356.88
-52910 -2362.17
-52900 -2367.47
-52890 -2372.76
-52880 -2378.06
-52870 -2383.38
-52860 -2388.69
-52850 -2394.01
-52840 -2399.33
-52830 -2404.66
-52820 -2410
-52810 -2415.34
-52800 -2420.69
-52790 -2426.03
-52780 -2431.38
-52770 -2436.75
-52760 -2442.11
-52750 -2447.49
-52740 -2452.86
-52730 -2458.23
-52720 -2463.63
-52710 -2469.01
-52700 -2474.4
-52690 -2479.81
-52680 -2485.21
-52670 -2490.63
-52660 -2496.04
-52650 -2501.46
-52640 -2506.89
-52630 -2512.31
-52620 -2517.75
-52610 -2523.19
-52600 -2528.63
-52590 -2534.09
-52580 -2539.54
-52570 -2545
-52560 -2550.47
-52550 -2555.94
-52540 -2561.41
-52530 -2566.89
-52520 -2572.38
-52510 -2577.87
-52500 -2583.37
-52490 -2588.87
-52480 -2594.37
-52470 -2599.88
-52460 -2605.4
-52450 -2610.92
-52440 -2616.44
-52430 -2621.97
-52420 -2627.51
-52410 -2633.05
-52400 -2638.59
-52390 -2644.14
-52380 -2649.7
-52370 -2655.26
-52360 -2660.82
-52350 -2666.39
-52340 -2671.96
-52330 -2677.54
-52320 -2683.13
-52310 -2688.72
-52300 -2694.31
-52290 -2699.91
-52280 -2705.52
-52270 -2711.13
-52260 -2716.74
-52250 -2722.36
-52240 -2727.98
-52230 -2733.61
-52220 -2739.25
-52210 -2744.88
-52200 -2750.53
-52190 -2756.18
-52180 -2761.83
-52170 -2767.49
-52160 -2773.15
-52150 -2778.82
-52140 -2784.49
-52130 -2790.17
-52120 -2795.85
-52110 -2801.54
-52100 -2807.23
-52090 -2812.93
-52080 -2818.63
-52070 -2824.34
-52060 -2830.05
-52050 -2835.77
-52040 -2841.49
-52030 -2847.22
-52020 -2852.95
-52010 -2858.68
-52000 -2864.42
-51990 -2870.17
-51980 -2875.92
-51970 -2881.68
-51960 -2887.44
-51950 -2893.2
-51940 -2898.97
-51930 -2904.75
-51920 -2910.53
-51910 -2916.31
-51900 -2922.1
-51890 -2927.89
-51880 -2933.69
-51870 -2939.5
-51860 -2945.31
-51850 -2951.12
-51840 -2956.94
-51830 -2962.76
-51820 -2968.59
-51810 -2974.42
-51800 -2980.26
-51790 -2986.1
-51780 -2991.95
-51770 -2997.8
-51760 -3003.66
-51750 -3009.52
-51740 -3015.39
-51730 -3021.26
-51720 -3027.13
-51710 -3033.01
-51700 -3038.9
-51690 -3044.79
-51680 -3050.68
-51670 -3056.58
-51660 -3062.49
-51650 -3068.4
-51640 -3074.31
-51630 -3080.23
-51620 -3086.15
-51610 -3092.08
-51600 -3098.02
-51590 -3103.95
-51580 -3109.9
-51570 -3115.84
-51560 -3121.8
-51550 -3127.75
-51540 -3133.71
-51530 -3139.68
-51520 -3145.65
-51510 -3151.63
-51500 -3157.61
-51490 -3163.59
-51480 -3169.58
-51470 -3175.58
-51460 -3181.58
-51450 -3187.58
-51440 -3193.59
-51430 -3199.6
-51420 -3205.62
-51410 -3211.64
-51400 -3217.67
-51390 -3223.7
-51380 -3229.74
-51370 -3235.78
-51360 -3241.83
-51350 -3247.88
-51340 -3253.94
-51330 -3260
-51320 -3266.06
-51310 -3272.13
-51300 -3278.21
-51290 -3284.29
-51280 -3290.37
-51270 -3296.46
-51260 -3302.55
-51250 -3308.65
-51240 -3314.75
-51230 -3320.86
-51220 -3326.97
-51210 -3333.09
-51200 -3339.21
-51190 -3345.33
-51180 -3351.47
-51170 -3357.6
-51160 -3363.74
-51150 -3369.88
-51140 -3376.03
-51130 -3382.19
-51120 -3388.35
-51110 -3394.51
-51100 -3400.68
-51090 -3406.85
-51080 -3413.02
-51070 -3419.21
-51060 -3425.39
-51050 -3431.58
-51040 -3437.78
-51030 -3443.98
-51020 -3450.18
-51010 -3456.39
-51000 -3462.61
-50990 -3468.82
-50980 -3475.05
-50970 -3481.27
-50960 -3487.51
-50950 -3493.74
-50940 -3499.99
-50930 -3506.23
-50920 -3512.48
-50910 -3518.74
-50900 -3525
-50890 -3531.26
-50880 -3537.53
-50870 -3543.8
-50860 -3550.08
-50850 -3556.36
-50840 -3562.65
-50830 -3568.94
-50820 -3575.24
-50810 -3581.54
-50800 -3587.84
-50790 -3594.15
-50780 -3600.47
-50770 -3606.79
-50760 -3613.11
-50750 -3619.44
-50740 -3625.77
-50730 -3632.11
-50720 -3638.45
-50710 -3644.8
-50700 -3651.15
-50690 -3657.5
-50680 -3663.86
-50670 -3670.23
-50660 -3676.6
-50650 -3682.97
-50640 -3689.35
-50630 -3695.73
-50620 -3702.12
-50610 -3708.51
-50600 -3714.91
-50590 -3721.31
-50580 -3727.71
-50570 -3734.12
-50560 -3740.54
-50550 -3746.96
-50540 -3753.38
-50530 -3759.81
-50520 -3766.24
-50510 -3772.67
-50500 -3779.12
-50490 -3785.56
-50480 -3792.01
-50470 -3798.47
-50460 -3804.93
-50450 -3811.39
-50440 -3817.86
-50430 -3824.33
-50420 -3830.81
-50410 -3837.29
-50400 -3843.77
-50390 -3850.26
-50380 -3856.76
-50370 -3863.26
-50360 -3869.76
-50350 -3876.27
-50340 -3882.78
-50330 -3889.3
-50320 -3895.82
-50310 -3902.35
-50300 -3908.88
-50290 -3915.41
-50280 -3921.95
-50270 -3928.49
-50260 -3935.04
-50250 -3941.6
-50240 -3948.15
-50230 -3954.71
-50220 -3961.28
-50210 -3967.85
-50200 -3974.43
-50190 -3981
-50180 -3987.59
-50170 -3994.18
-50160 -4000.77
-50150 -4007.36
-50140 -4013.97
-50130 -4020.57
-50120 -4027.18
-50110 -4033.8
-50100 -4040.42
-50090 -4047.04
-50080 -4053.67
-50070 -4060.3
-50060 -4066.93
-50050 -4073.57
-50040 -4080.22
-50030 -4086.87
-50020 -4093.52
-50010 -4100.18
-50000 -4106.84
-49990 -4113.51
-49980 -4120.18
-49970 -4126.86
-49960 -4133.54
-49950 -4140.22
-49940 -4146.91
-49930 -4153.61
-49920 -4160.3
-49910 -4167
-49900 -4173.71
-49890 -4180.42
-49880 -4187.14
-49870 -4193.86
-49860 -4200.58
-49850 -4207.31
-49840 -4214.04
-49830 -4220.78
-49820 -4227.52
-49810 -4234.26
-49800 -4241.01
-49790 -4247.77
-49780 -4254.52
-49770 -4261.29
-49760 -4268.05
-49750 -4274.83
-49740 -4281.6
-49730 -4288.38
-49720 -4295.17
-49710 -4301.95
-49700 -4308.75
-49690 -4315.54
-49680 -4322.35
-49670 -4329.15
-49660 -4335.96
-49650 -4342.78
-49640 -4349.59
-49630 -4356.42
-49620 -4363.24
-49610 -4370.08
-49600 -4376.91
-49590 -4383.75
-49580 -4390.6
-49570 -4397.45
-49560 -4404.3
-49550 -4411.16
-49540 -4418.02
-49530 -4424.88
-49520 -4431.75
-49510 -4438.63
-49500 -4445.51
-49490 -4452.39
-49480 -4459.28
-49470 -4466.17
-49460 -4473.06
-49450 -4479.96
-49440 -4486.87
-49430 -4493.78
-49420 -4500.69
-49410 -4507.61
-49400 -4514.53
-49390 -4521.45
-49380 -4528.38
-49370 -4535.31
-49360 -4542.25
-49350 -4549.19
-49340 -4556.14
-49330 -4563.09
-49320 -4570.05
-49310 -4577.01
-49300 -4583.97
-49290 -4590.94
-49280 -4597.91
-49270 -4604.89
-49260 -4611.87
-49250 -4618.85
-49240 -4625.84
-49230 -4632.83
-49220 -4639.83
-49210 -4646.83
-49200 -4653.84
-49190 -4660.85
-49180 -4667.86
-49170 -4674.88
-49160 -4681.9
-49150 -4688.93
-49140 -4695.96
-49130 -4702.99
-49120 -4710.03
-49110 -4717.07
-49100 -4724.12
-49090 -4731.17
-49080 -4738.23
-49070 -4745.29
-49060 -4752.35
-49050 -4759.42
-49040 -4766.49
-49030 -4773.57
-49020 -4780.65
-49010 -4787.74
-49000 -4794.82
-48990 -4801.92
-48980 -4809.02
-48970 -4816.12
-48960 -4823.22
-48950 -4830.33
-48940 -4837.45
-48930 -4844.56
-48920 -4851.69
-48910 -4858.81
-48900 -4865.94
-48890 -4873.08
-48880 -4880.22
-48870 -4887.36
-48860 -4894.51
-48850 -4901.66
-48840 -4908.81
-48830 -4915.97
-48820 -4923.14
-48810 -4930.3
-48800 -4937.48
-48790 -4944.65
-48780 -4951.83
-48770 -4959.02
-48760 -4966.2
-48750 -4973.4
-48740 -4980.59
-48730 -4987.79
-48720 -4995
-48710 -5002.21
-48700 -5009.42
-48690 -5016.64
-48680 -5023.86
-48670 -5031.08
-48660 -5038.31
-48650 -5045.54
-48640 -5052.78
-48630 -5060.02
-48620 -5067.27
-48610 -5074.52
-48600 -5081.77
-48590 -5089.03
-48580 -5096.29
-48570 -5103.56
-48560 -5110.83
-48550 -5118.1
-48540 -5125.38
-48530 -5132.66
-48520 -5139.95
-48510 -5147.24
-48500 -5154.53
-48490 -5161.83
-48480 -5169.13
-48470 -5176.44
-48460 -5183.75
-48450 -5191.06
-48440 -5198.38
-48430 -5205.7
-48420 -5213.03
-48410 -5220.36
-48400 -5227.69
-48390 -5235.03
-48380 -5242.37
-48370 -5249.72
-48360 -5257.07
-48350 -5264.43
-48340 -5271.79
-48330 -5279.15
-48320 -5286.52
-48310 -5293.89
-48300 -5301.26
-48290 -5308.64
-48280 -5316.02
-48270 -5323.41
-48260 -5330.8
-48250 -5338.19
-48240 -5345.59
-48230 -5353
-48220 -5360.4
-48210 -5367.81
-48200 -5375.23
-48190 -5382.65
-48180 -5390.07
-48170 -5397.5
-48160 -5404.93
-48150 -5412.36
-48140 -5419.8
-48130 -5427.24
-48120 -5434.69
-48110 -5442.14
-48100 -5449.59
-48090 -5457.05
-48080 -5464.52
-48070 -5471.98
-48060 -5479.45
-48050 -5486.93
-48040 -5494.41
-48030 -5501.89
-48020 -5509.37
-48010 -5516.86
-48000 -5524.36
-47990 -5531.86
-47980 -5539.36
-47970 -5546.86
-47960 -5554.37
-47950 -5561.89
-47940 -5569.41
-47930 -5576.93
-47920 -5584.45
-47910 -5591.98
-47900 -5599.52
-47890 -5607.05
-47880 -5614.59
-47870 -5622.14
-47860 -5629.69
-47850 -5637.24
-47840 -5644.8
-47830 -5652.36
-47820 -5659.92
-47810 -5667.49
-47800 -5675.07
-47790 -5682.64
-47780 -5690.22
-47770 -5697.81
-47760 -5705.4
-47750 -5712.99
-47740 -5720.58
-47730 -5728.18
-47720 -5735.79
-47710 -5743.39
-47700 -5751.01
-47690 -5758.62
-47680 -5766.24
-47670 -5773.86
-47660 -5781.49
-47650 -5789.12
-47640 -5796.76
-47630 -5804.4
-47620 -5812.04
-47610 -5819.68
-47600 -5827.33
-47590 -5834.99
-47580 -5842.65
-47570 -5850.31
-47560 -5857.97
-47550 -5865.64
-47540 -5873.32
-47530 -5880.99
-47520 -5888.68
-47510 -5896.36
-47500 -5904.05
-47490 -5911.74
-47480 -5919.44
-47470 -5927.14
-47460 -5934.84
-47450 -5942.55
-47440 -5950.26
-47430 -5957.98
-47420 -5965.7
-47410 -5973.42
-47400 -5981.15
-47390 -5988.88
-47380 -5996.62
-47370 -6004.35
-47360 -6012.1
-47350 -6019.84
-47340 -6027.59
-47330 -6035.35
-47320 -6043.11
-47310 -6050.87
-47300 -6058.63
-47290 -6066.4
-47280 -6074.17
-47270 -6081.95
-47260 -6089.73
-47250 -6097.52
-47240 -6105.3
-47230 -6113.1
-47220 -6120.89
-47210 -6128.69
-47200 -6136.49
-47190 -6144.3
-47180 -6152.11
-47170 -6159.93
-47160 -6167.75
-47150 -6175.57
-47140 -6183.39
-47130 -6191.22
-47120 -6199.06
-47110 -6206.89
-47100 -6214.74
-47090 -6222.58
-47080 -6230.43
-47070 -6238.28
-47060 -6246.14
-47050 -6254
-47040 -6261.86
-47030 -6269.73
-47020 -6277.6
-47010 -6285.47
-47000 -6293.35
-46990 -6301.24
-46980 -6309.12
-46970 -6317.01
-46960 -6324.91
-46950 -6332.8
-46940 -6340.7
-46930 -6348.61
-46920 -6356.52
-46910 -6364.43
-46900 -6372.34
-46890 -6380.26
-46880 -6388.19
-46870 -6396.12
-46860 -6404.05
-46850 -6411.98
-46840 -6419.92
-46830 -6427.86
-46820 -6435.81
-46810 -6443.76
-46800 -6451.71
-46790 -6459.67
-46780 -6467.63
-46770 -6475.59
-46760 -6483.56
-46750 -6491.53
-46740 -6499.51
-46730 -6507.48
-46720 -6515.47
-46710 -6523.45
-46700 -6531.44
-46690 -6539.44
-46680 -6547.44
-46670 -6555.44
-46660 -6563.44
-46650 -6571.45
-46640 -6579.46
-46630 -6587.48
-46620 -6595.5
-46610 -6603.52
-46600 -6611.55
-46590 -6619.58
-46580 -6627.61
-46570 -6635.65
-46560 -6643.69
-46550 -6651.74
-46540 -6659.79
-46530 -6667.84
-46520 -6675.89
-46510 -6683.95
-46500 -6692.02
-46490 -6700.08
-46480 -6708.16
-46470 -6716.23
-46460 -6724.31
-46450 -6732.39
-46440 -6740.47
-46430 -6748.56
-46420 -6756.66
-46410 -6764.75
-46400 -6772.85
-46390 -6780.96
-46380 -6789.06
-46370 -6797.17
-46360 -6805.29
-46350 -6813.41
-46340 -6821.53
-46330 -6829.65
-46320 -6837.78
-46310 -6845.91
-46300 -6854.05
-46290 -6862.19
-46280 -6870.33
-46270 -6878.48
-46260 -6886.63
-46250 -6894.78
-46240 -6902.94
-46230 -6911.1
-46220 -6919.27
-46210 -6927.44
-46200 -6935.61
-46190 -6943.78
-46180 -6951.96
-46170 -6960.15
-46160 -6968.33
-46150 -6976.52
-46140 -6984.72
-46130 -6992.91
-46120 -7001.11
-46110 -7009.32
-46100 -7017.53
-46090 -7025.74
-46080 -7033.95
-46070 -7042.17
-46060 -7050.39
-46050 -7058.62
-46040 -7066.85
-46030 -7075.08
-46020 -7083.32
-46010 -7091.56
-46000 -7099.8
-45990 -7108.05
-45980 -7116.3
-45970 -7124.55
-45960 -7132.81
-45950 -7141.07
-45940 -7149.34
-45930 -7157.6
-45920 -7165.88
-45910 -7174.15
-45900 -7182.43
-45890 -7190.71
-45880 -7199
-45870 -7207.29
-45860 -7215.58
-45850 -7223.88
-45840 -7232.18
-45830 -7240.48
-45820 -7248.79
-45810 -7257.1
-45800 -7265.41
-45790 -7273.73
-45780 -7282.05
-45770 -7290.38
-45760 -7298.71
-45750 -7307.04
-45740 -7315.37
-45730 -7323.71
-45720 -7332.05
-45710 -7340.4
-45700 -7348.75
-45690 -7357.1
-45680 -7365.46
-45670 -7373.82
-45660 -7382.18
-45650 -7390.55
-45640 -7398.92
-45630 -7407.29
-45620 -7415.67
-45610 -7424.05
-45600 -7432.43
-45590 -7440.82
-45580 -7449.21
-45570 -7457.61
-45560 -7466.01
-45550 -7474.41
-45540 -7482.81
-45530 -7491.22
-45520 -7499.63
-45510 -7508.05
-45500 -7516.47
-45490 -7524.89
-45480 -7533.32
-45470 -7541.74
-45460 -7550.18
-45450 -7558.61
-45440 -7567.05
-45430 -7575.5
-45420 -7583.94
-45410 -7592.39
-45400 -7600.85
-45390 -7609.3
-45380 -7617.76
-45370 -7626.23
-45360 -7634.69
-45350 -7643.16
-45340 -7651.64
-45330 -7660.12
-45320 -7668.6
-45310 -7677.08
-45300 -7685.57
-45290 -7694.06
-45280 -7702.55
-45270 -7711.05
-45260 -7719.55
-45250 -7728.06
-45240 -7736.57
-45230 -7745.08
-45220 -7753.59
-45210 -7762.11
-45200 -7770.63
-45190 -7779.16
-45180 -7787.69
-45170 -7796.22
-45160 -7804.76
-45150 -7813.3
-45140 -7821.84
-45130 -7830.38
-45120 -7838.93
-45110 -7847.49
-45100 -7856.04
-45090 -7864.6
-45080 -7873.16
-45070 -7881.73
-45060 -7890.3
-45050 -7898.87
-45040 -7907.45
-45030 -7916.03
-45020 -7924.61
-45010 -7933.2
-45000 -7941.79
-44990 -7950.38
-44980 -7958.98
-44970 -7967.58
-44960 -7976.18
-44950 -7984.79
-44940 -7993.4
-44930 -8002.01
-44920 -8010.63
-44910 -8019.25
-44900 -8027.87
-44890 -8036.5
-44880 -8045.13
-44870 -8053.76
-44860 -8062.4
-44850 -8071.04
-44840 -8079.68
-44830 -8088.33
-44820 -8096.98
-44810 -8105.63
-44800 -8114.29
-44790 -8122.95
-44780 -8131.61
-44770 -8140.28
-44760 -8148.95
-44750 -8157.62
-44740 -8166.3
-44730 -8174.98
-44720 -8183.66
-44710 -8192.35
-44700 -8201.04
-44690 -8209.73
-44680 -8218.43
-44670 -8227.13
-44660 -8235.83
-44650 -8244.54
-44640 -8253.25
-44630 -8261.96
-44620 -8270.68
-44610 -8279.4
-44600 -8288.12
-44590 -8296.85
-44580 -8305.58
-44570 -8314.31
-44560 -8323.05
-44550 -8331.79
-44540 -8340.53
-44530 -8349.28
-44520 -8358.03
-44510 -8366.78
-44500 -8375.54
-44490 -8384.3
-44480 -8393.06
-44470 -8401.83
-44460 -8410.6
-44450 -8419.37
-44440 -8428.15
-44430 -8436.93
-44420 -8445.71
-44410 -8454.49
-44400 -8463.28
-44390 -8472.08
-44380 -8480.87
-44370 -8489.67
-44360 -8498.47
-44350 -8507.28
-44340 -8516.09
-44330 -8524.9
-44320 -8533.71
-44310 -8542.53
-44300 -8551.36
-44290 -8560.18
-44280 -8569.01
-44270 -8577.84
-44260 -8586.68
-44250 -8595.51
-44240 -8604.35
-44230 -8613.2
-44220 -8622.05
-44210 -8630.9
-44200 -8639.75
-44190 -8648.61
-44180 -8657.47
-44170 -8666.34
-44160 -8675.2
-44150 -8684.07
-44140 -8692.95
-44130 -8701.82
-44120 -8710.7
-44110 -8719.59
-44100 -8728.47
-44090 -8737.36
-44080 -8746.26
-44070 -8755.15
-44060 -8764.05
-44050 -8772.95
-44040 -8781.86
-44030 -8790.77
-44020 -8799.68
-44010 -8808.6
-44000 -8817.52
-43990 -8826.44
-43980 -8835.37
-43970 -8844.29
-43960 -8853.22
-43950 -8862.16
-43940 -8871.1
-43930 -8880.04
-43920 -8888.98
-43910 -8897.93
-43900 -8906.88
-43890 -8915.84
-43880 -8924.79
-43870 -8933.75
-43860 -8942.72
-43850 -8951.68
-43840 -8960.65
-43830 -8969.63
-43820 -8978.6
-43810 -8987.58
-43800 -8996.57
-43790 -9005.55
-43780 -9014.54
-43770 -9023.53
-43760 -9032.53
-43750 -9041.53
-43740 -9050.53
-43730 -9059.53
-43720 -9068.54
-43710 -9077.55
-43700 -9086.57
-43690 -9095.58
-43680 -9104.61
-43670 -9113.63
-43660 -9122.66
-43650 -9131.69
-43640 -9140.72
-43630 -9149.76
-43620 -9158.8
-43610 -9167.84
-43600 -9176.88
-43590 -9185.93
-43580 -9194.99
-43570 -9204.04
-43560 -9213.1
-43550 -9222.16
-43540 -9231.23
-43530 -9240.3
-43520 -9249.37
-43510 -9258.44
-43500 -9267.52
-43490 -9276.6
-43480 -9285.68
-43470 -9294.77
-43460 -9303.86
-43450 -9312.95
-43440 -9322.05
-43430 -9331.15
-43420 -9340.25
-43410 -9349.35
-43400 -9358.46
-43390 -9367.57
-43380 -9376.69
-43370 -9385.81
-43360 -9394.93
-43350 -9404.05
-43340 -9413.18
-43330 -9422.31
-43320 -9431.44
-43310 -9440.58
-43300 -9449.72
-43290 -9458.86
-43280 -9468.01
-43270 -9477.16
-43260 -9486.31
-43250 -9495.46
-43240 -9504.62
-43230 -9513.78
-43220 -9522.95
-43210 -9532.12
-43200 -9541.29
-43190 -9550.46
-43180 -9559.64
-43170 -9568.82
-43160 -9578
-43150 -9587.18
-43140 -9596.37
-43130 -9605.57
-43120 -9614.76
-43110 -9623.96
-43100 -9633.16
-43090 -9642.36
-43080 -9651.57
-43070 -9660.78
-43060 -9670
-43050 -9679.21
-43040 -9688.43
-43030 -9697.65
-43020 -9706.88
-43010 -9716.11
-43000 -9725.34
-42990 -9734.58
-42980 -9743.81
-42970 -9753.05
-42960 -9762.3
-42950 -9771.55
-42940 -9780.8
-42930 -9790.05
-42920 -9799.31
-42910 -9808.57
-42900 -9817.83
-42890 -9827.09
-42880 -9836.36
-42870 -9845.63
-42860 -9854.91
-42850 -9864.18
-42840 -9873.46
-42830 -9882.75
-42820 -9892.03
-42810 -9901.32
-42800 -9910.62
-42790 -9919.91
-42780 -9929.21
-42770 -9938.51
-42760 -9947.82
-42750 -9957.12
-42740 -9966.43
-42730 -9975.75
-42720 -9985.06
-42710 -9994.38
-42700 -10003.7
-42690 -10013
-42680 -10022.4
-42670 -10031.7
-42660 -10041
-42650 -10050.4
-42640 -10059.7
-42630 -10069
-42620 -10078.4
-42610 -10087.7
-42600 -10097.1
-42590 -10106.5
-42580 -10115.8
-42570 -10125.2
-42560 -10134.5
-42550 -10143.9
-42540 -10153.3
-42530 -10162.6
-42520 -10172
-42510 -10181.4
-42500 -10190.8
-42490 -10200.2
-42480 -10209.6
-42470 -10218.9
-42460 -10228.3
-42450 -10237.7
-42440 -10247.1
-42430 -10256.5
-42420 -10265.9
-42410 -10275.4
-42400 -10284.8
-42390 -10294.2
-42380 -10303.6
-42370 -10313
-42360 -10322.4
-42350 -10331.9
-42340 -10341.3
-42330 -10350.7
-42320 -10360.2
-42310 -10369.6
-42300 -10379
-42290 -10388.5
-42280 -10397.9
-42270 -10407.4
-42260 -10416.8
-42250 -10426.3
-42240 -10435.7
-42230 -10445.2
-42220 -10454.7
-42210 -10464.1
-42200 -10473.6
-42190 -10483.1
-42180 -10492.6
-42170 -10502
-42160 -10511.5
-42150 -10521
-42140 -10530.5
-42130 -10540
-42120 -10549.5
-42110 -10559
-42100 -10568.5
-42090 -10578
-42080 -10587.5
-42070 -10597
-42060 -10606.5
-42050 -10616
-42040 -10625.5
-42030 -10635
-42020 -10644.6
-42010 -10654.1
-42000 -10663.6
-41990 -10673.1
-41980 -10682.7
-41970 -10692.2
-41960 -10701.7
-41950 -10711.3
-41940 -10720.8
-41930 -10730.4
-41920 -10739.9
-41910 -10749.5
-41900 -10759
-41890 -10768.6
-41880 -10778.2
-41870 -10787.7
-41860 -10797.3
-41850 -10806.9
-41840 -10816.4
-41830 -10826
-41820 -10835.6
-41810 -10845.2
-41800 -10854.7
-41790 -10864.3
-41780 -10873.9
-41770 -10883.5
-41760 -10893.1
-41750 -10902.7
-41740 -10912.3
-41730 -10921.9
-41720 -10931.5
-41710 -10941.1
-41700 -10950.7
-41690 -10960.3
-41680 -10970
-41670 -10979.6
-41660 -10989.2
-41650 -10998.8
-41640 -11008.5
-41630 -11018.1
-41620 -11027.7
-41610 -11037.4
-41600 -11047
-41590 -11056.6
-41580 -11066.3
-41570 -11075.9
-41560 -11085.6
-41550 -11095.2
-41540 -11104.9
-41530 -11114.5
-41520 -11124.2
-41510 -11133.9
-41500 -11143.5
-41490 -11153.2
-41480 -11162.9
