 -0.6292000E+05 -0.2491168E+05
 -0.6291000E+05 -0.2489357E+05
 -0.6290000E+05 -0.2487546E+05
 -0.6289000E+05 -0.2485736E+05
 -0.6288000E+05 -0.2483927E+05
 -0.6287000E+05 -0.2482119E+05
 -0.6286000E+05 -0.2480312E+05
 -0.6285000E+05 -0.2478505E+05
 -0.6284000E+05 -0.2476699E+05
 -0.6283000E+05 -0.2474894E+05
 -0.6282000E+05 -0.2473090E+05
 -0.6281000E+05 -0.2471287E+05
 -0.6280000E+05 -0.2469485E+05
 -0.6279000E+05 -0.2467683E+05
 -0.6278000E+05 -0.2465882E+05
 -0.6277000E+05 -0.2464082E+05
 -0.6276000E+05 -0.2462283E+05
 -0.6275000E+05 -0.2460485E+05
 -0.6274000E+05 -0.2458687E+05
 -0.6273000E+05 -0.2456891E+05
 -0.6272000E+05 -0.2455095E+05
 -0.6271000E+05 -0.2453300E+05
 -0.6270000E+05 -0.2451506E+05
 -0.6269000E+05 -0.2449712E+05
 -0.6268000E+05 -0.2447920E+05
 -0.6267000E+05 -0.2446128E+05
 -0.6266000E+05 -0.2444337E+05
 -0.6265000E+05 -0.2442547E+05
 -0.6264000E+05 -0.2440758E+05
 -0.6263000E+05 -0.2438969E+05
 -0.6262000E+05 -0.2437182E+05
 -0.6261000E+05 -0.2435395E+05
 -0.6260000E+05 -0.2433609E+05
 -0.6259000E+05 -0.2431824E+05
 -0.6258000E+05 -0.2430039E+05
 -0.6257000E+05 -0.2428256E+05
 -0.6256000E+05 -0.2426473E+05
 -0.6255000E+05 -0.2424691E+05
 -0.6254000E+05 -0.2422910E+05
 -0.6253000E+05 -0.2421130E+05
 -0.6252000E+05 -0.2419350E+05
 -0.6251000E+05 -0.2417572E+05
 -0.6250000E+05 -0.2415794E+05
 -0.6249000E+05 -0.2414017E+05
 -0.6248000E+05 -0.2412241E+05
 -0.6247000E+05 -0.2410465E+05
 -0.6246000E+05 -0.2408691E+05
 -0.6245000E+05 -0.2406917E+05
 -0.6244000E+05 -0.2405144E+05
 -0.6243000E+05 -0.2403372E+05
 -0.6242000E+05 -0.2401601E+05
 -0.6241000E+05 -0.2399830E+05
 -0.6240000E+05 -0.2398060E+05
 -0.6239000E+05 -0.2396292E+05
 -0.6238000E+05 -0.2394524E+05
 -0.6237000E+05 -0.2392756E+05
 -0.6236000E+05 -0.2390990E+05
 -0.6235000E+05 -0.2389224E+05
 -0.6234000E+05 -0.2387460E+05
 -0.6233000E+05 -0.2385696E+05
 -0.6232000E+05 -0.2383932E+05
 -0.6231000E+05 -0.2382170E+05
 -0.6230000E+05 -0.2380409E+05
 -0.6229000E+05 -0.2378648E+05
 -0.6228000E+05 -0.2376888E+05
 -0.6227000E+05 -0.2375129E+05
 -0.6226000E+05 -0.2373371E+05
 -0.6225000E+05 -0.2371613E+05
 -0.6224000E+05 -0.2369856E+05
 -0.6223000E+05 -0.2368101E+05
 -0.6222000E+05 -0.2366345E+05
 -0.6221000E+05 -0.2364591E+05
 -0.6220000E+05 -0.2362838E+05
 -0.6219000E+05 -0.2361085E+05
 -0.6218000E+05 -0.2359333E+05
 -0.6217000E+05 -0.2357582E+05
 -0.6216000E+05 -0.2355832E+05
 -0.6215000E+05 -0.2354083E+05
 -0.6214000E+05 -0.2352334E+05
 -0.6213000E+05 -0.2350586E+05
 -0.6212000E+05 -0.2348839E+05
 -0.6211000E+05 -0.2347093E+05
 -0.6210000E+05 -0.2345348E+05
 -0.6209000E+05 -0.2343603E+05
 -0.6208000E+05 -0.2341860E+05
 -0.6207000E+05 -0.2340117E+05
 -0.6206000E+05 -0.2338375E+05
 -0.6205000E+05 -0.2336633E+05
 -0.6204000E+05 -0.2334893E+05
 -0.6203000E+05 -0.2333153E+05
 -0.6202000E+05 -0.2331414E+05
 -0.6201000E+05 -0.2329676E+05
 -0.6200000E+05 -0.2327939E+05
 -0.6199000E+05 -0.2326202E+05
 -0.6198000E+05 -0.2324466E+05
 -0.6197000E+05 -0.2322732E+05
 -0.6196000E+05 -0.2320997E+05
 -0.6195000E+05 -0.2319264E+05
 -0.6194000E+05 -0.2317532E+05
 -0.6193000E+05 -0.2315800E+05
 -0.6192000E+05 -0.2314069E+05
 -0.6191000E+05 -0.2312339E+05
 -0.6190000E+05 -0.2310610E+05
 -0.6189000E+05 -0.2308881E+05
 -0.6188000E+05 -0.2307154E+05
 -0.6187000E+05 -0.2305427E+05
 -0.6186000E+05 -0.2303701E+05
 -0.6185000E+05 -0.2301975E+05
 -0.6184000E+05 -0.2300251E+05
 -0.6183000E+05 -0.2298527E+05
 -0.6182000E+05 -0.2296804E+05
 -0.6181000E+05 -0.2295082E+05
 -0.6180000E+05 -0.2293361E+05
 -0.6179000E+05 -0.2291640E+05
 -0.6178000E+05 -0.2289921E+05
 -0.6177000E+05 -0.2288202E+05
 -0.6176000E+05 -0.2286484E+05
 -0.6175000E+05 -0.2284766E+05
 -0.6174000E+05 -0.2283050E+05
 -0.6173000E+05 -0.2281334E+05
 -0.6172000E+05 -0.2279619E+05
 -0.6171000E+05 -0.2277905E+05
 -0.6170000E+05 -0.2276192E+05
 -0.6169000E+05 -0.2274479E+05
 -0.6168000E+05 -0.2272767E+05
 -0.6167000E+05 -0.2271056E+05
 -0.6166000E+05 -0.2269346E+05
 -0.6165000E+05 -0.2267637E+05
 -0.6164000E+05 -0.2265928E+05
 -0.6163000E+05 -0.2264220E+05
 -0.6162000E+05 -0.2262513E+05
 -0.6161000E+05 -0.2260807E+05
 -0.6160000E+05 -0.2259102E+05
 -0.6159000E+05 -0.2257397E+05
 -0.6158000E+05 -0.2255693E+05
 -0.6157000E+05 -0.2253990E+05
 -0.6156000E+05 -0.2252288E+05
 -0.6155000E+05 -0.2250586E+05
 -0.6154000E+05 -0.2248886E+05
 -0.6153000E+05 -0.2247186E+05
 -0.6152000E+05 -0.2245487E+05
 -0.6151000E+05 -0.2243788E+05
 -0.6150000E+05 -0.2242091E+05
 -0.6149000E+05 -0.2240394E+05
 -0.6148000E+05 -0.2238698E+05
 -0.6147000E+05 -0.2237003E+05
 -0.6146000E+05 -0.2235309E+05
 -0.6145000E+05 -0.2233615E+05
 -0.6144000E+05 -0.2231922E+05
 -0.6143000E+05 -0.2230230E+05
 -0.6142000E+05 -0.2228539E+05
 -0.6141000E+05 -0.2226848E+05
 -0.6140000E+05 -0.2225159E+05
 -0.6139000E+05 -0.2223470E+05
 -0.6138000E+05 -0.2221782E+05
 -0.6137000E+05 -0.2220094E+05
 -0.6136000E+05 -0.2218408E+05
 -0.6135000E+05 -0.2216722E+05
 -0.6134000E+05 -0.2215037E+05
 -0.6133000E+05 -0.2213353E+05
 -0.6132000E+05 -0.2211669E+05
 -0.6131000E+05 -0.2209987E+05
 -0.6130000E+05 -0.2208305E+05
 -0.6129000E+05 -0.2206624E+05
 -0.6128000E+05 -0.2204944E+05
 -0.6127000E+05 -0.2203264E+05
 -0.6126000E+05 -0.2201585E+05
 -0.6125000E+05 -0.2199907E+05
 -0.6124000E+05 -0.2198230E+05
 -0.6123000E+05 -0.2196554E+05
 -0.6122000E+05 -0.2194878E+05
 -0.6121000E+05 -0.2193203E+05
 -0.6120000E+05 -0.2191529E+05
 -0.6119000E+05 -0.2189856E+05
 -0.6118000E+05 -0.2188183E+05
 -0.6117000E+05 -0.2186512E+05
 -0.6116000E+05 -0.2184841E+05
 -0.6115000E+05 -0.2183171E+05
 -0.6114000E+05 -0.2181501E+05
 -0.6113000E+05 -0.2179832E+05
 -0.6112000E+05 -0.2178165E+05
 -0.6111000E+05 -0.2176497E+05
 -0.6110000E+05 -0.2174831E+05
 -0.6109000E+05 -0.2173166E+05
 -0.6108000E+05 -0.2171501E+05
 -0.6107000E+05 -0.2169837E+05
 -0.6106000E+05 -0.2168174E+05
 -0.6105000E+05 -0.2166511E+05
 -0.6104000E+05 -0.2164849E+05
 -0.6103000E+05 -0.2163188E+05
 -0.6102000E+05 -0.2161528E+05
 -0.6101000E+05 -0.2159869E+05
 -0.6100000E+05 -0.2158210E+05
 -0.6099000E+05 -0.2156552E+05
 -0.6098000E+05 -0.2154895E+05
 -0.6097000E+05 -0.2153239E+05
 -0.6096000E+05 -0.2151584E+05
 -0.6095000E+05 -0.2149929E+05
 -0.6094000E+05 -0.2148275E+05
 -0.6093000E+05 -0.2146622E+05
 -0.6092000E+05 -0.2144969E+05
 -0.6091000E+05 -0.2143317E+05
 -0.6090000E+05 -0.2141666E+05
 -0.6089000E+05 -0.2140016E+05
 -0.6088000E+05 -0.2138367E+05
 -0.6087000E+05 -0.2136718E+05
 -0.6086000E+05 -0.2135070E+05
 -0.6085000E+05 -0.2133423E+05
 -0.6084000E+05 -0.2131777E+05
 -0.6083000E+05 -0.2130131E+05
 -0.6082000E+05 -0.2128486E+05
 -0.6081000E+05 -0.2126842E+05
 -0.6080000E+05 -0.2125199E+05
 -0.6079000E+05 -0.2123557E+05
 -0.6078000E+05 -0.2121915E+05
 -0.6077000E+05 -0.2120274E+05
 -0.6076000E+05 -0.2118634E+05
 -0.6075000E+05 -0.2116994E+05
 -0.6074000E+05 -0.2115355E+05
 -0.6073000E+05 -0.2113717E+05
 -0.6072000E+05 -0.2112080E+05
 -0.6071000E+05 -0.2110444E+05
 -0.6070000E+05 -0.2108808E+05
 -0.6069000E+05 -0.2107173E+05
 -0.6068000E+05 -0.2105539E+05
 -0.6067000E+05 -0.2103905E+05
 -0.6066000E+05 -0.2102273E+05
 -0.6065000E+05 -0.2100641E+05
 -0.6064000E+05 -0.2099010E+05
 -0.6063000E+05 -0.2097379E+05
 -0.6062000E+05 -0.2095750E+05
 -0.6061000E+05 -0.2094121E+05
 -0.6060000E+05 -0.2092493E+05
 -0.6059000E+05 -0.2090865E+05
 -0.6058000E+05 -0.2089239E+05
 -0.6057000E+05 -0.2087613E+05
 -0.6056000E+05 -0.2085988E+05
 -0.6055000E+05 -0.2084363E+05
 -0.6054000E+05 -0.2082740E+05
 -0.6053000E+05 -0.2081117E+05
 -0.6052000E+05 -0.2079495E+05
 -0.6051000E+05 -0.2077873E+05
 -0.6050000E+05 -0.2076253E+05
 -0.6049000E+05 -0.2074633E+05
 -0.6048000E+05 -0.2073014E+05
 -0.6047000E+05 -0.2071395E+05
 -0.6046000E+05 -0.2069778E+05
 -0.6045000E+05 -0.2068161E+05
 -0.6044000E+05 -0.2066545E+05
 -0.6043000E+05 -0.2064930E+05
 -0.6042000E+05 -0.2063315E+05
 -0.6041000E+05 -0.2061701E+05
 -0.6040000E+05 -0.2060088E+05
 -0.6039000E+05 -0.2058476E+05
 -0.6038000E+05 -0.2056864E+05
 -0.6037000E+05 -0.2055253E+05
 -0.6036000E+05 -0.2053643E+05
 -0.6035000E+05 -0.2052034E+05
 -0.6034000E+05 -0.2050425E+05
 -0.6033000E+05 -0.2048817E+05
 -0.6032000E+05 -0.2047210E+05
 -0.6031000E+05 -0.2045604E+05
 -0.6030000E+05 -0.2043998E+05
 -0.6029000E+05 -0.2042393E+05
 -0.6028000E+05 -0.2040789E+05
 -0.6027000E+05 -0.2039185E+05
 -0.6026000E+05 -0.2037583E+05
 -0.6025000E+05 -0.2035981E+05
 -0.6024000E+05 -0.2034380E+05
 -0.6023000E+05 -0.2032779E+05
 -0.6022000E+05 -0.2031179E+05
 -0.6021000E+05 -0.2029580E+05
 -0.6020000E+05 -0.2027982E+05
 -0.6019000E+05 -0.2026385E+05
 -0.6018000E+05 -0.2024788E+05
 -0.6017000E+05 -0.2023192E+05
 -0.6016000E+05 -0.2021597E+05
 -0.6015000E+05 -0.2020002E+05
 -0.6014000E+05 -0.2018408E+05
 -0.6013000E+05 -0.2016815E+05
 -0.6012000E+05 -0.2015223E+05
 -0.6011000E+05 -0.2013631E+05
 -0.6010000E+05 -0.2012040E+05
 -0.6009000E+05 -0.2010450E+05
 -0.6008000E+05 -0.2008861E+05
 -0.6007000E+05 -0.2007272E+05
 -0.6006000E+05 -0.2005684E+05
 -0.6005000E+05 -0.2004097E+05
 -0.6004000E+05 -0.2002510E+05
 -0.6003000E+05 -0.2000925E+05
 -0.6002000E+05 -0.1999340E+05
 -0.6001000E+05 -0.1997755E+05
 -0.6000000E+05 -0.1996172E+05
 -0.5999000E+05 -0.1994589E+05
 -0.5998000E+05 -0.1993007E+05
 -0.5997000E+05 -0.1991426E+05
 -0.5996000E+05 -0.1989845E+05
 -0.5995000E+05 -0.1988265E+05
 -0.5994000E+05 -0.1986686E+05
 -0.5993000E+05 -0.1985108E+05
 -0.5992000E+05 -0.1983530E+05
 -0.5991000E+05 -0.1981953E+05
 -0.5990000E+05 -0.1980377E+05
 -0.5989000E+05 -0.1978801E+05
 -0.5988000E+05 -0.1977227E+05
 -0.5987000E+05 -0.1975653E+05
 -0.5986000E+05 -0.1974079E+05
 -0.5985000E+05 -0.1972507E+05
 -0.5984000E+05 -0.1970935E+05
 -0.5983000E+05 -0.1969364E+05
 -0.5982000E+05 -0.1967793E+05
 -0.5981000E+05 -0.1966224E+05
 -0.5980000E+05 -0.1964655E+05
 -0.5979000E+05 -0.1963086E+05
 -0.5978000E+05 -0.1961519E+05
 -0.5977000E+05 -0.1959952E+05
 -0.5976000E+05 -0.1958386E+05
 -0.5975000E+05 -0.1956821E+05
 -0.5974000E+05 -0.1955256E+05
 -0.5973000E+05 -0.1953692E+05
 -0.5972000E+05 -0.1952129E+05
 -0.5971000E+05 -0.1950566E+05
 -0.5970000E+05 -0.1949005E+05
 -0.5969000E+05 -0.1947444E+05
 -0.5968000E+05 -0.1945883E+05
 -0.5967000E+05 -0.1944324E+05
 -0.5966000E+05 -0.1942765E+05
 -0.5965000E+05 -0.1941207E+05
 -0.5964000E+05 -0.1939649E+05
 -0.5963000E+05 -0.1938093E+05
 -0.5962000E+05 -0.1936537E+05
 -0.5961000E+05 -0.1934981E+05
 -0.5960000E+05 -0.1933427E+05
 -0.5959000E+05 -0.1931873E+05
 -0.5958000E+05 -0.1930320E+05
 -0.5957000E+05 -0.1928768E+05
 -0.5956000E+05 -0.1927216E+05
 -0.5955000E+05 -0.1925665E+05
 -0.5954000E+05 -0.1924115E+05
 -0.5953000E+05 -0.1922565E+05
 -0.5952000E+05 -0.1921016E+05
 -0.5951000E+05 -0.1919468E+05
 -0.5950000E+05 -0.1917921E+05
 -0.5949000E+05 -0.1916374E+05
 -0.5948000E+05 -0.1914828E+05
 -0.5947000E+05 -0.1913283E+05
 -0.5946000E+05 -0.1911738E+05
 -0.5945000E+05 -0.1910194E+05
 -0.5944000E+05 -0.1908651E+05
 -0.5943000E+05 -0.1907109E+05
 -0.5942000E+05 -0.1905567E+05
 -0.5941000E+05 -0.1904026E+05
 -0.5940000E+05 -0.1902486E+05
 -0.5939000E+05 -0.1900946E+05
 -0.5938000E+05 -0.1899407E+05
 -0.5937000E+05 -0.1897869E+05
 -0.5936000E+05 -0.1896332E+05
 -0.5935000E+05 -0.1894795E+05
 -0.5934000E+05 -0.1893259E+05
 -0.5933000E+05 -0.1891724E+05
 -0.5932000E+05 -0.1890189E+05
 -0.5931000E+05 -0.1888655E+05
 -0.5930000E+05 -0.1887122E+05
 -0.5929000E+05 -0.1885590E+05
 -0.5928000E+05 -0.1884058E+05
 -0.5927000E+05 -0.1882527E+05
 -0.5926000E+05 -0.1880996E+05
 -0.5925000E+05 -0.1879467E+05
 -0.5924000E+05 -0.1877938E+05
 -0.5923000E+05 -0.1876409E+05
 -0.5922000E+05 -0.1874882E+05
 -0.5921000E+05 -0.1873355E+05
 -0.5920000E+05 -0.1871829E+05
 -0.5919000E+05 -0.1870303E+05
 -0.5918000E+05 -0.1868779E+05
 -0.5917000E+05 -0.1867254E+05
 -0.5916000E+05 -0.1865731E+05
 -0.5915000E+05 -0.1864208E+05
 -0.5914000E+05 -0.1862687E+05
 -0.5913000E+05 -0.1861165E+05
 -0.5912000E+05 -0.1859645E+05
 -0.5911000E+05 -0.1858125E+05
 -0.5910000E+05 -0.1856606E+05
 -0.5909000E+05 -0.1855087E+05
 -0.5908000E+05 -0.1853569E+05
 -0.5907000E+05 -0.1852052E+05
 -0.5906000E+05 -0.1850536E+05
 -0.5905000E+05 -0.1849020E+05
 -0.5904000E+05 -0.1847505E+05
 -0.5903000E+05 -0.1845991E+05
 -0.5902000E+05 -0.1844478E+05
 -0.5901000E+05 -0.1842965E+05
 -0.5900000E+05 -0.1841452E+05
 -0.5899000E+05 -0.1839941E+05
 -0.5898000E+05 -0.1838430E+05
 -0.5897000E+05 -0.1836920E+05
 -0.5896000E+05 -0.1835411E+05
 -0.5895000E+05 -0.1833902E+05
 -0.5894000E+05 -0.1832394E+05
 -0.5893000E+05 -0.1830887E+05
 -0.5892000E+05 -0.1829380E+05
 -0.5891000E+05 -0.1827874E+05
 -0.5890000E+05 -0.1826369E+05
 -0.5889000E+05 -0.1824864E+05
 -0.5888000E+05 -0.1823360E+05
 -0.5887000E+05 -0.1821857E+05
 -0.5886000E+05 -0.1820355E+05
 -0.5885000E+05 -0.1818853E+05
 -0.5884000E+05 -0.1817352E+05
 -0.5883000E+05 -0.1815851E+05
 -0.5882000E+05 -0.1814352E+05
 -0.5881000E+05 -0.1812852E+05
 -0.5880000E+05 -0.1811354E+05
 -0.5879000E+05 -0.1809856E+05
 -0.5878000E+05 -0.1808359E+05
 -0.5877000E+05 -0.1806863E+05
 -0.5876000E+05 -0.1805368E+05
 -0.5875000E+05 -0.1803873E+05
 -0.5874000E+05 -0.1802378E+05
 -0.5873000E+05 -0.1800885E+05
 -0.5872000E+05 -0.1799392E+05
 -0.5871000E+05 -0.1797900E+05
 -0.5870000E+05 -0.1796408E+05
 -0.5869000E+05 -0.1794917E+05
 -0.5868000E+05 -0.1793427E+05
 -0.5867000E+05 -0.1791938E+05
 -0.5866000E+05 -0.1790449E+05
 -0.5865000E+05 -0.1788961E+05
 -0.5864000E+05 -0.1787474E+05
 -0.5863000E+05 -0.1785987E+05
 -0.5862000E+05 -0.1784501E+05
 -0.5861000E+05 -0.1783015E+05
 -0.5860000E+05 -0.1781531E+05
 -0.5859000E+05 -0.1780047E+05
 -0.5858000E+05 -0.1778563E+05
 -0.5857000E+05 -0.1777081E+05
 -0.5856000E+05 -0.1775599E+05
 -0.5855000E+05 -0.1774118E+05
 -0.5854000E+05 -0.1772637E+05
 -0.5853000E+05 -0.1771157E+05
 -0.5852000E+05 -0.1769678E+05
 -0.5851000E+05 -0.1768199E+05
 -0.5850000E+05 -0.1766721E+05
 -0.5849000E+05 -0.1765244E+05
 -0.5848000E+05 -0.1763768E+05
 -0.5847000E+05 -0.1762292E+05
 -0.5846000E+05 -0.1760817E+05
 -0.5845000E+05 -0.1759342E+05
 -0.5844000E+05 -0.1757868E+05
 -0.5843000E+05 -0.1756395E+05
 -0.5842000E+05 -0.1754923E+05
 -0.5841000E+05 -0.1753451E+05
 -0.5840000E+05 -0.1751980E+05
 -0.5839000E+05 -0.1750509E+05
 -0.5838000E+05 -0.1749039E+05
 -0.5837000E+05 -0.1747570E+05
 -0.5836000E+05 -0.1746102E+05
 -0.5835000E+05 -0.1744634E+05
 -0.5834000E+05 -0.1743167E+05
 -0.5833000E+05 -0.1741701E+05
 -0.5832000E+05 -0.1740235E+05
 -0.5831000E+05 -0.1738770E+05
 -0.5830000E+05 -0.1737305E+05
 -0.5829000E+05 -0.1735842E+05
 -0.5828000E+05 -0.1734379E+05
 -0.5827000E+05 -0.1732916E+05
 -0.5826000E+05 -0.1731454E+05
 -0.5825000E+05 -0.1729993E+05
 -0.5824000E+05 -0.1728533E+05
 -0.5823000E+05 -0.1727073E+05
 -0.5822000E+05 -0.1725614E+05
 -0.5821000E+05 -0.1724156E+05
 -0.5820000E+05 -0.1722698E+05
 -0.5819000E+05 -0.1721241E+05
 -0.5818000E+05 -0.1719785E+05
 -0.5817000E+05 -0.1718329E+05
 -0.5816000E+05 -0.1716874E+05
 -0.5815000E+05 -0.1715419E+05
 -0.5814000E+05 -0.1713966E+05
 -0.5813000E+05 -0.1712513E+05
 -0.5812000E+05 -0.1711060E+05
 -0.5811000E+05 -0.1709609E+05
 -0.5810000E+05 -0.1708157E+05
 -0.5809000E+05 -0.1706707E+05
 -0.5808000E+05 -0.1705257E+05
 -0.5807000E+05 -0.1703808E+05
 -0.5806000E+05 -0.1702360E+05
 -0.5805000E+05 -0.1700912E+05
 -0.5804000E+05 -0.1699465E+05
 -0.5803000E+05 -0.1698018E+05
 -0.5802000E+05 -0.1696573E+05
 -0.5801000E+05 -0.1695128E+05
 -0.5800000E+05 -0.1693683E+05
 -0.5799000E+05 -0.1692239E+05
 -0.5798000E+05 -0.1690796E+05
 -0.5797000E+05 -0.1689354E+05
 -0.5796000E+05 -0.1687912E+05
 -0.5795000E+05 -0.1686471E+05
 -0.5794000E+05 -0.1685030E+05
 -0.5793000E+05 -0.1683590E+05
 -0.5792000E+05 -0.1682151E+05
 -0.5791000E+05 -0.1680713E+05
 -0.5790000E+05 -0.1679275E+05
 -0.5789000E+05 -0.1677838E+05
 -0.5788000E+05 -0.1676401E+05
 -0.5787000E+05 -0.1674965E+05
 -0.5786000E+05 -0.1673530E+05
 -0.5785000E+05 -0.1672095E+05
 -0.5784000E+05 -0.1670661E+05
 -0.5783000E+05 -0.1669228E+05
 -0.5782000E+05 -0.1667795E+05
 -0.5781000E+05 -0.1666363E+05
 -0.5780000E+05 -0.1664932E+05
 -0.5779000E+05 -0.1663501E+05
 -0.5778000E+05 -0.1662071E+05
 -0.5777000E+05 -0.1660642E+05
 -0.5776000E+05 -0.1659213E+05
 -0.5775000E+05 -0.1657785E+05
 -0.5774000E+05 -0.1656358E+05
 -0.5773000E+05 -0.1654931E+05
 -0.5772000E+05 -0.1653505E+05
 -0.5771000E+05 -0.1652080E+05
 -0.5770000E+05 -0.1650655E+05
 -0.5769000E+05 -0.1649231E+05
 -0.5768000E+05 -0.1647807E+05
 -0.5767000E+05 -0.1646384E+05
 -0.5766000E+05 -0.1644962E+05
 -0.5765000E+05 -0.1643540E+05
 -0.5764000E+05 -0.1642120E+05
 -0.5763000E+05 -0.1640699E+05
 -0.5762000E+05 -0.1639280E+05
 -0.5761000E+05 -0.1637861E+05
 -0.5760000E+05 -0.1636442E+05
 -0.5759000E+05 -0.1635025E+05
 -0.5758000E+05 -0.1633608E+05
 -0.5757000E+05 -0.1632191E+05
 -0.5756000E+05 -0.1630776E+05
 -0.5755000E+05 -0.1629360E+05
 -0.5754000E+05 -0.1627946E+05
 -0.5753000E+05 -0.1626532E+05
 -0.5752000E+05 -0.1625119E+05
 -0.5751000E+05 -0.1623707E+05
 -0.5750000E+05 -0.1622295E+05
 -0.5749000E+05 -0.1620883E+05
 -0.5748000E+05 -0.1619473E+05
 -0.5747000E+05 -0.1618063E+05
 -0.5746000E+05 -0.1616654E+05
 -0.5745000E+05 -0.1615245E+05
 -0.5744000E+05 -0.1613837E+05
 -0.5743000E+05 -0.1612430E+05
 -0.5742000E+05 -0.1611023E+05
 -0.5741000E+05 -0.1609617E+05
 -0.5740000E+05 -0.1608211E+05
 -0.5739000E+05 -0.1606806E+05
 -0.5738000E+05 -0.1605402E+05
 -0.5737000E+05 -0.1603999E+05
 -0.5736000E+05 -0.1602596E+05
 -0.5735000E+05 -0.1601194E+05
 -0.5734000E+05 -0.1599792E+05
 -0.5733000E+05 -0.1598391E+05
 -0.5732000E+05 -0.1596991E+05
 -0.5731000E+05 -0.1595591E+05
 -0.5730000E+05 -0.1594192E+05
 -0.5729000E+05 -0.1592793E+05
 -0.5728000E+05 -0.1591396E+05
 -0.5727000E+05 -0.1589998E+05
 -0.5726000E+05 -0.1588602E+05
 -0.5725000E+05 -0.1587206E+05
 -0.5724000E+05 -0.1585811E+05
 -0.5723000E+05 -0.1584416E+05
 -0.5722000E+05 -0.1583022E+05
 -0.5721000E+05 -0.1581629E+05
 -0.5720000E+05 -0.1580236E+05
 -0.5719000E+05 -0.1578844E+05
 -0.5718000E+05 -0.1577453E+05
 -0.5717000E+05 -0.1576062E+05
 -0.5716000E+05 -0.1574672E+05
 -0.5715000E+05 -0.1573282E+05
 -0.5714000E+05 -0.1571893E+05
 -0.5713000E+05 -0.1570505E+05
 -0.5712000E+05 -0.1569117E+05
 -0.5711000E+05 -0.1567730E+05
 -0.5710000E+05 -0.1566344E+05
 -0.5709000E+05 -0.1564958E+05
 -0.5708000E+05 -0.1563573E+05
 -0.5707000E+05 -0.1562188E+05
 -0.5706000E+05 -0.1560804E+05
 -0.5705000E+05 -0.1559421E+05
 -0.5704000E+05 -0.1558039E+05
 -0.5703000E+05 -0.1556657E+05
 -0.5702000E+05 -0.1555275E+05
 -0.5701000E+05 -0.1553894E+05
 -0.5700000E+05 -0.1552514E+05
 -0.5699000E+05 -0.1551135E+05
 -0.5698000E+05 -0.1549756E+05
 -0.5697000E+05 -0.1548378E+05
 -0.5696000E+05 -0.1547000E+05
 -0.5695000E+05 -0.1545623E+05
 -0.5694000E+05 -0.1544247E+05
 -0.5693000E+05 -0.1542871E+05
 -0.5692000E+05 -0.1541496E+05
 -0.5691000E+05 -0.1540122E+05
 -0.5690000E+05 -0.1538748E+05
 -0.5689000E+05 -0.1537374E+05
 -0.5688000E+05 -0.1536002E+05
 -0.5687000E+05 -0.1534630E+05
 -0.5686000E+05 -0.1533259E+05
 -0.5685000E+05 -0.1531888E+05
 -0.5684000E+05 -0.1530518E+05
 -0.5683000E+05 -0.1529148E+05
 -0.5682000E+05 -0.1527779E+05
 -0.5681000E+05 -0.1526411E+05
 -0.5680000E+05 -0.1525043E+05
 -0.5679000E+05 -0.1523676E+05
 -0.5678000E+05 -0.1522310E+05
 -0.5677000E+05 -0.1520944E+05
 -0.5676000E+05 -0.1519579E+05
 -0.5675000E+05 -0.1518215E+05
 -0.5674000E+05 -0.1516851E+05
 -0.5673000E+05 -0.1515487E+05
 -0.5672000E+05 -0.1514125E+05
 -0.5671000E+05 -0.1512763E+05
 -0.5670000E+05 -0.1511401E+05
 -0.5669000E+05 -0.1510040E+05
 -0.5668000E+05 -0.1508680E+05
 -0.5667000E+05 -0.1507321E+05
 -0.5666000E+05 -0.1505962E+05
 -0.5665000E+05 -0.1504603E+05
 -0.5664000E+05 -0.1503246E+05
 -0.5663000E+05 -0.1501889E+05
 -0.5662000E+05 -0.1500532E+05
 -0.5661000E+05 -0.1499176E+05
 -0.5660000E+05 -0.1497821E+05
 -0.5659000E+05 -0.1496466E+05
 -0.5658000E+05 -0.1495112E+05
 -0.5657000E+05 -0.1493759E+05
 -0.5656000E+05 -0.1492406E+05
 -0.5655000E+05 -0.1491054E+05
 -0.5654000E+05 -0.1489702E+05
 -0.5653000E+05 -0.1488351E+05
 -0.5652000E+05 -0.1487001E+05
 -0.5651000E+05 -0.1485651E+05
 -0.5650000E+05 -0.1484302E+05
 -0.5649000E+05 -0.1482953E+05
 -0.5648000E+05 -0.1481605E+05
 -0.5647000E+05 -0.1480258E+05
 -0.5646000E+05 -0.1478911E+05
 -0.5645000E+05 -0.1477565E+05
 -0.5644000E+05 -0.1476220E+05
 -0.5643000E+05 -0.1474875E+05
 -0.5642000E+05 -0.1473531E+05
 -0.5641000E+05 -0.1472187E+05
 -0.5640000E+05 -0.1470844E+05
 -0.5639000E+05 -0.1469502E+05
 -0.5638000E+05 -0.1468160E+05
 -0.5637000E+05 -0.1466819E+05
 -0.5636000E+05 -0.1465478E+05
 -0.5635000E+05 -0.1464138E+05
 -0.5634000E+05 -0.1462799E+05
 -0.5633000E+05 -0.1461460E+05
 -0.5632000E+05 -0.1460122E+05
 -0.5631000E+05 -0.1458784E+05
 -0.5630000E+05 -0.1457447E+05
 -0.5629000E+05 -0.1456111E+05
 -0.5628000E+05 -0.1454775E+05
 -0.5627000E+05 -0.1453440E+05
 -0.5626000E+05 -0.1452105E+05
 -0.5625000E+05 -0.1450771E+05
 -0.5624000E+05 -0.1449438E+05
 -0.5623000E+05 -0.1448105E+05
 -0.5622000E+05 -0.1446773E+05
 -0.5621000E+05 -0.1445442E+05
 -0.5620000E+05 -0.1444111E+05
 -0.5619000E+05 -0.1442780E+05
 -0.5618000E+05 -0.1441451E+05
 -0.5617000E+05 -0.1440122E+05
 -0.5616000E+05 -0.1438793E+05
 -0.5615000E+05 -0.1437465E+05
 -0.5614000E+05 -0.1436138E+05
 -0.5613000E+05 -0.1434811E+05
 -0.5612000E+05 -0.1433485E+05
 -0.5611000E+05 -0.1432159E+05
 -0.5610000E+05 -0.1430834E+05
 -0.5609000E+05 -0.1429510E+05
 -0.5608000E+05 -0.1428186E+05
 -0.5607000E+05 -0.1426863E+05
 -0.5606000E+05 -0.1425541E+05
 -0.5605000E+05 -0.1424219E+05
 -0.5604000E+05 -0.1422898E+05
 -0.5603000E+05 -0.1421577E+05
 -0.5602000E+05 -0.1420257E+05
 -0.5601000E+05 -0.1418937E+05
 -0.5600000E+05 -0.1417618E+05
 -0.5599000E+05 -0.1416300E+05
 -0.5598000E+05 -0.1414982E+05
 -0.5597000E+05 -0.1413665E+05
 -0.5596000E+05 -0.1412348E+05
 -0.5595000E+05 -0.1411032E+05
 -0.5594000E+05 -0.1409717E+05
 -0.5593000E+05 -0.1408402E+05
 -0.5592000E+05 -0.1407088E+05
 -0.5591000E+05 -0.1405774E+05
 -0.5590000E+05 -0.1404461E+05
 -0.5589000E+05 -0.1403149E+05
 -0.5588000E+05 -0.1401837E+05
 -0.5587000E+05 -0.1400526E+05
 -0.5586000E+05 -0.1399215E+05
 -0.5585000E+05 -0.1397905E+05
 -0.5584000E+05 -0.1396596E+05
 -0.5583000E+05 -0.1395287E+05
 -0.5582000E+05 -0.1393979E+05
 -0.5581000E+05 -0.1392671E+05
 -0.5580000E+05 -0.1391364E+05
 -0.5579000E+05 -0.1390058E+05
 -0.5578000E+05 -0.1388752E+05
 -0.5577000E+05 -0.1387446E+05
 -0.5576000E+05 -0.1386142E+05
 -0.5575000E+05 -0.1384838E+05
 -0.5574000E+05 -0.1383534E+05
 -0.5573000E+05 -0.1382231E+05
 -0.5572000E+05 -0.1380929E+05
 -0.5571000E+05 -0.1379627E+05
 -0.5570000E+05 -0.1378326E+05
 -0.5569000E+05 -0.1377025E+05
 -0.5568000E+05 -0.1375725E+05
 -0.5567000E+05 -0.1374426E+05
 -0.5566000E+05 -0.1373127E+05
 -0.5565000E+05 -0.1371829E+05
 -0.5564000E+05 -0.1370531E+05
 -0.5563000E+05 -0.1369234E+05
 -0.5562000E+05 -0.1367937E+05
 -0.5561000E+05 -0.1366641E+05
 -0.5560000E+05 -0.1365346E+05
 -0.5559000E+05 -0.1364051E+05
 -0.5558000E+05 -0.1362757E+05
 -0.5557000E+05 -0.1361464E+05
 -0.5556000E+05 -0.1360171E+05
 -0.5555000E+05 -0.1358878E+05
 -0.5554000E+05 -0.1357586E+05
 -0.5553000E+05 -0.1356295E+05
 -0.5552000E+05 -0.1355005E+05
 -0.5551000E+05 -0.1353714E+05
 -0.5550000E+05 -0.1352425E+05
 -0.5549000E+05 -0.1351136E+05
 -0.5548000E+05 -0.1349848E+05
 -0.5547000E+05 -0.1348560E+05
 -0.5546000E+05 -0.1347273E+05
 -0.5545000E+05 -0.1345986E+05
 -0.5544000E+05 -0.1344700E+05
 -0.5543000E+05 -0.1343415E+05
 -0.5542000E+05 -0.1342130E+05
 -0.5541000E+05 -0.1340846E+05
 -0.5540000E+05 -0.1339562E+05
 -0.5539000E+05 -0.1338279E+05
 -0.5538000E+05 -0.1336996E+05
 -0.5537000E+05 -0.1335714E+05
 -0.5536000E+05 -0.1334433E+05
 -0.5535000E+05 -0.1333152E+05
 -0.5534000E+05 -0.1331872E+05
 -0.5533000E+05 -0.1330592E+05
 -0.5532000E+05 -0.1329313E+05
 -0.5531000E+05 -0.1328035E+05
 -0.5530000E+05 -0.1326757E+05
 -0.5529000E+05 -0.1325479E+05
 -0.5528000E+05 -0.1324202E+05
 -0.5527000E+05 -0.1322926E+05
 -0.5526000E+05 -0.1321651E+05
 -0.5525000E+05 -0.1320376E+05
 -0.5524000E+05 -0.1319101E+05
 -0.5523000E+05 -0.1317827E+05
 -0.5522000E+05 -0.1316554E+05
 -0.5521000E+05 -0.1315281E+05
 -0.5520000E+05 -0.1314009E+05
 -0.5519000E+05 -0.1312737E+05
 -0.5518000E+05 -0.1311466E+05
 -0.5517000E+05 -0.1310196E+05
 -0.5516000E+05 -0.1308926E+05
 -0.5515000E+05 -0.1307657E+05
 -0.5514000E+05 -0.1306388E+05
 -0.5513000E+05 -0.1305120E+05
 -0.5512000E+05 -0.1303852E+05
 -0.5511000E+05 -0.1302585E+05
 -0.5510000E+05 -0.1301318E+05
 -0.5509000E+05 -0.1300053E+05
 -0.5508000E+05 -0.1298787E+05
 -0.5507000E+05 -0.1297522E+05
 -0.5506000E+05 -0.1296258E+05
 -0.5505000E+05 -0.1294995E+05
 -0.5504000E+05 -0.1293732E+05
 -0.5503000E+05 -0.1292469E+05
 -0.5502000E+05 -0.1291207E+05
 -0.5501000E+05 -0.1289946E+05
 -0.5500000E+05 -0.1288685E+05
 -0.5499000E+05 -0.1287425E+05
 -0.5498000E+05 -0.1286165E+05
 -0.5497000E+05 -0.1284906E+05
 -0.5496000E+05 -0.1283647E+05
 -0.5495000E+05 -0.1282389E+05
 -0.5494000E+05 -0.1281132E+05
 -0.5493000E+05 -0.1279875E+05
 -0.5492000E+05 -0.1278619E+05
 -0.5491000E+05 -0.1277363E+05
 -0.5490000E+05 -0.1276108E+05
 -0.5489000E+05 -0.1274854E+05
 -0.5488000E+05 -0.1273600E+05
 -0.5487000E+05 -0.1272346E+05
 -0.5486000E+05 -0.1271093E+05
 -0.5485000E+05 -0.1269841E+05
 -0.5484000E+05 -0.1268589E+05
 -0.5483000E+05 -0.1267338E+05
 -0.5482000E+05 -0.1266087E+05
 -0.5481000E+05 -0.1264837E+05
 -0.5480000E+05 -0.1263588E+05
 -0.5479000E+05 -0.1262339E+05
 -0.5478000E+05 -0.1261090E+05
 -0.5477000E+05 -0.1259842E+05
 -0.5476000E+05 -0.1258595E+05
 -0.5475000E+05 -0.1257348E+05
 -0.5474000E+05 -0.1256102E+05
 -0.5473000E+05 -0.1254857E+05
 -0.5472000E+05 -0.1253612E+05
 -0.5471000E+05 -0.1252367E+05
 -0.5470000E+05 -0.1251123E+05
 -0.5469000E+05 -0.1249880E+05
 -0.5468000E+05 -0.1248637E+05
 -0.5467000E+05 -0.1247395E+05
 -0.5466000E+05 -0.1246153E+05
 -0.5465000E+05 -0.1244912E+05
 -0.5464000E+05 -0.1243671E+05
 -0.5463000E+05 -0.1242431E+05
 -0.5462000E+05 -0.1241192E+05
 -0.5461000E+05 -0.1239953E+05
 -0.5460000E+05 -0.1238715E+05
 -0.5459000E+05 -0.1237477E+05
 -0.5458000E+05 -0.1236240E+05
 -0.5457000E+05 -0.1235003E+05
 -0.5456000E+05 -0.1233767E+05
 -0.5455000E+05 -0.1232531E+05
 -0.5454000E+05 -0.1231296E+05
 -0.5453000E+05 -0.1230062E+05
 -0.5452000E+05 -0.1228828E+05
 -0.5451000E+05 -0.1227594E+05
 -0.5450000E+05 -0.1226362E+05
 -0.5449000E+05 -0.1225129E+05
 -0.5448000E+05 -0.1223898E+05
 -0.5447000E+05 -0.1222666E+05
 -0.5446000E+05 -0.1221436E+05
 -0.5445000E+05 -0.1220206E+05
 -0.5444000E+05 -0.1218976E+05
 -0.5443000E+05 -0.1217747E+05
 -0.5442000E+05 -0.1216519E+05
 -0.5441000E+05 -0.1215291E+05
 -0.5440000E+05 -0.1214064E+05
 -0.5439000E+05 -0.1212837E+05
 -0.5438000E+05 -0.1211611E+05
 -0.5437000E+05 -0.1210385E+05
 -0.5436000E+05 -0.1209160E+05
 -0.5435000E+05 -0.1207935E+05
 -0.5434000E+05 -0.1206711E+05
 -0.5433000E+05 -0.1205488E+05
 -0.5432000E+05 -0.1204265E+05
 -0.5431000E+05 -0.1203043E+05
 -0.5430000E+05 -0.1201821E+05
 -0.5429000E+05 -0.1200600E+05
 -0.5428000E+05 -0.1199379E+05
 -0.5427000E+05 -0.1198159E+05
 -0.5426000E+05 -0.1196939E+05
 -0.5425000E+05 -0.1195720E+05
 -0.5424000E+05 -0.1194501E+05
 -0.5423000E+05 -0.1193283E+05
 -0.5422000E+05 -0.1192066E+05
 -0.5421000E+05 -0.1190849E+05
 -0.5420000E+05 -0.1189633E+05
 -0.5419000E+05 -0.1188417E+05
 -0.5418000E+05 -0.1187202E+05
 -0.5417000E+05 -0.1185987E+05
 -0.5416000E+05 -0.1184773E+05
 -0.5415000E+05 -0.1183559E+05
 -0.5414000E+05 -0.1182346E+05
 -0.5413000E+05 -0.1181133E+05
 -0.5412000E+05 -0.1179921E+05
 -0.5411000E+05 -0.1178710E+05
 -0.5410000E+05 -0.1177499E+05
 -0.5409000E+05 -0.1176288E+05
 -0.5408000E+05 -0.1175079E+05
 -0.5407000E+05 -0.1173869E+05
 -0.5406000E+05 -0.1172660E+05
 -0.5405000E+05 -0.1171452E+05
 -0.5404000E+05 -0.1170244E+05
 -0.5403000E+05 -0.1169037E+05
 -0.5402000E+05 -0.1167831E+05
 -0.5401000E+05 -0.1166625E+05
 -0.5400000E+05 -0.1165419E+05
 -0.5399000E+05 -0.1164214E+05
 -0.5398000E+05 -0.1163010E+05
 -0.5397000E+05 -0.1161806E+05
 -0.5396000E+05 -0.1160602E+05
 -0.5395000E+05 -0.1159399E+05
 -0.5394000E+05 -0.1158197E+05
 -0.5393000E+05 -0.1156995E+05
 -0.5392000E+05 -0.1155794E+05
 -0.5391000E+05 -0.1154593E+05
 -0.5390000E+05 -0.1153393E+05
 -0.5389000E+05 -0.1152193E+05
 -0.5388000E+05 -0.1150994E+05
 -0.5387000E+05 -0.1149796E+05
 -0.5386000E+05 -0.1148598E+05
 -0.5385000E+05 -0.1147400E+05
 -0.5384000E+05 -0.1146203E+05
 -0.5383000E+05 -0.1145007E+05
 -0.5382000E+05 -0.1143811E+05
 -0.5381000E+05 -0.1142616E+05
 -0.5380000E+05 -0.1141421E+05
 -0.5379000E+05 -0.1140226E+05
 -0.5378000E+05 -0.1139033E+05
 -0.5377000E+05 -0.1137839E+05
 -0.5376000E+05 -0.1136647E+05
 -0.5375000E+05 -0.1135455E+05
 -0.5374000E+05 -0.1134263E+05
 -0.5373000E+05 -0.1133072E+05
 -0.5372000E+05 -0.1131881E+05
 -0.5371000E+05 -0.1130691E+05
 -0.5370000E+05 -0.1129502E+05
 -0.5369000E+05 -0.1128313E+05
 -0.5368000E+05 -0.1127124E+05
 -0.5367000E+05 -0.1125936E+05
 -0.5366000E+05 -0.1124749E+05
 -0.5365000E+05 -0.1123562E+05
 -0.5364000E+05 -0.1122376E+05
 -0.5363000E+05 -0.1121190E+05
 -0.5362000E+05 -0.1120005E+05
 -0.5361000E+05 -0.1118820E+05
 -0.5360000E+05 -0.1117636E+05
 -0.5359000E+05 -0.1116452E+05
 -0.5358000E+05 -0.1115269E+05
 -0.5357000E+05 -0.1114086E+05
 -0.5356000E+05 -0.1112904E+05
 -0.5355000E+05 -0.1111722E+05
 -0.5354000E+05 -0.1110541E+05
 -0.5353000E+05 -0.1109361E+05
 -0.5352000E+05 -0.1108181E+05
 -0.5351000E+05 -0.1107001E+05
 -0.5350000E+05 -0.1105822E+05
 -0.5349000E+05 -0.1104644E+05
 -0.5348000E+05 -0.1103466E+05
 -0.5347000E+05 -0.1102288E+05
 -0.5346000E+05 -0.1101112E+05
 -0.5345000E+05 -0.1099935E+05
 -0.5344000E+05 -0.1098759E+05
 -0.5343000E+05 -0.1097584E+05
 -0.5342000E+05 -0.1096409E+05
 -0.5341000E+05 -0.1095235E+05
 -0.5340000E+05 -0.1094061E+05
 -0.5339000E+05 -0.1092888E+05
 -0.5338000E+05 -0.1091715E+05
 -0.5337000E+05 -0.1090543E+05
 -0.5336000E+05 -0.1089371E+05
 -0.5335000E+05 -0.1088200E+05
 -0.5334000E+05 -0.1087030E+05
 -0.5333000E+05 -0.1085860E+05
 -0.5332000E+05 -0.1084690E+05
 -0.5331000E+05 -0.1083521E+05
 -0.5330000E+05 -0.1082352E+05
 -0.5329000E+05 -0.1081184E+05
 -0.5328000E+05 -0.1080017E+05
 -0.5327000E+05 -0.1078850E+05
 -0.5326000E+05 -0.1077683E+05
 -0.5325000E+05 -0.1076518E+05
 -0.5324000E+05 -0.1075352E+05
 -0.5323000E+05 -0.1074187E+05
 -0.5322000E+05 -0.1073023E+05
 -0.5321000E+05 -0.1071859E+05
 -0.5320000E+05 -0.1070696E+05
 -0.5319000E+05 -0.1069533E+05
 -0.5318000E+05 -0.1068370E+05
 -0.5317000E+05 -0.1067209E+05
 -0.5316000E+05 -0.1066047E+05
 -0.5315000E+05 -0.1064887E+05
 -0.5314000E+05 -0.1063726E+05
 -0.5313000E+05 -0.1062567E+05
 -0.5312000E+05 -0.1061407E+05
 -0.5311000E+05 -0.1060249E+05
 -0.5310000E+05 -0.1059090E+05
 -0.5309000E+05 -0.1057933E+05
 -0.5308000E+05 -0.1056775E+05
 -0.5307000E+05 -0.1055619E+05
 -0.5306000E+05 -0.1054463E+05
 -0.5305000E+05 -0.1053307E+05
 -0.5304000E+05 -0.1052152E+05
 -0.5303000E+05 -0.1050997E+05
 -0.5302000E+05 -0.1049843E+05
 -0.5301000E+05 -0.1048690E+05
 -0.5300000E+05 -0.1047536E+05
 -0.5299000E+05 -0.1046384E+05
 -0.5298000E+05 -0.1045232E+05
 -0.5297000E+05 -0.1044080E+05
 -0.5296000E+05 -0.1042929E+05
 -0.5295000E+05 -0.1041779E+05
 -0.5294000E+05 -0.1040629E+05
 -0.5293000E+05 -0.1039479E+05
 -0.5292000E+05 -0.1038330E+05
 -0.5291000E+05 -0.1037182E+05
 -0.5290000E+05 -0.1036034E+05
 -0.5289000E+05 -0.1034886E+05
 -0.5288000E+05 -0.1033739E+05
 -0.5287000E+05 -0.1032593E+05
 -0.5286000E+05 -0.1031447E+05
 -0.5285000E+05 -0.1030301E+05
 -0.5284000E+05 -0.1029156E+05
 -0.5283000E+05 -0.1028012E+05
 -0.5282000E+05 -0.1026868E+05
 -0.5281000E+05 -0.1025725E+05
 -0.5280000E+05 -0.1024582E+05
 -0.5279000E+05 -0.1023439E+05
 -0.5278000E+05 -0.1022297E+05
 -0.5277000E+05 -0.1021156E+05
 -0.5276000E+05 -0.1020015E+05
 -0.5275000E+05 -0.1018875E+05
 -0.5274000E+05 -0.1017735E+05
 -0.5273000E+05 -0.1016595E+05
 -0.5272000E+05 -0.1015457E+05
 -0.5271000E+05 -0.1014318E+05
 -0.5270000E+05 -0.1013180E+05
 -0.5269000E+05 -0.1012043E+05
 -0.5268000E+05 -0.1010906E+05
 -0.5267000E+05 -0.1009770E+05
 -0.5266000E+05 -0.1008634E+05
 -0.5265000E+05 -0.1007499E+05
 -0.5264000E+05 -0.1006364E+05
 -0.5263000E+05 -0.1005229E+05
 -0.5262000E+05 -0.1004095E+05
 -0.5261000E+05 -0.1002962E+05
 -0.5260000E+05 -0.1001829E+05
 -0.5259000E+05 -0.1000697E+05
 -0.5258000E+05 -0.9995651E+04
 -0.5257000E+05 -0.9984337E+04
 -0.5256000E+05 -0.9973029E+04
 -0.5255000E+05 -0.9961725E+04
 -0.5254000E+05 -0.9950427E+04
 -0.5253000E+05 -0.9939133E+04
 -0.5252000E+05 -0.9927845E+04
 -0.5251000E+05 -0.9916561E+04
 -0.5250000E+05 -0.9905283E+04
 -0.5249000E+05 -0.9894009E+04
 -0.5248000E+05 -0.9882740E+04
 -0.5247000E+05 -0.9871477E+04
 -0.5246000E+05 -0.9860218E+04
 -0.5245000E+05 -0.9848964E+04
 -0.5244000E+05 -0.9837715E+04
 -0.5243000E+05 -0.9826472E+04
 -0.5242000E+05 -0.9815233E+04
 -0.5241000E+05 -0.9803999E+04
 -0.5240000E+05 -0.9792770E+04
 -0.5239000E+05 -0.9781546E+04
 -0.5238000E+05 -0.9770327E+04
 -0.5237000E+05 -0.9759113E+04
 -0.5236000E+05 -0.9747904E+04
 -0.5235000E+05 -0.9736700E+04
 -0.5234000E+05 -0.9725500E+04
 -0.5233000E+05 -0.9714306E+04
 -0.5232000E+05 -0.9703117E+04
 -0.5231000E+05 -0.9691932E+04
 -0.5230000E+05 -0.9680753E+04
 -0.5229000E+05 -0.9669578E+04
 -0.5228000E+05 -0.9658409E+04
 -0.5227000E+05 -0.9647244E+04
 -0.5226000E+05 -0.9636084E+04
 -0.5225000E+05 -0.9624929E+04
 -0.5224000E+05 -0.9613779E+04
 -0.5223000E+05 -0.9602634E+04
 -0.5222000E+05 -0.9591494E+04
 -0.5221000E+05 -0.9580359E+04
 -0.5220000E+05 -0.9569228E+04
 -0.5219000E+05 -0.9558103E+04
 -0.5218000E+05 -0.9546982E+04
 -0.5217000E+05 -0.9535866E+04
 -0.5216000E+05 -0.9524756E+04
 -0.5215000E+05 -0.9513650E+04
 -0.5214000E+05 -0.9502549E+04
 -0.5213000E+05 -0.9491453E+04
 -0.5212000E+05 -0.9480361E+04
 -0.5211000E+05 -0.9469275E+04
 -0.5210000E+05 -0.9458194E+04
 -0.5209000E+05 -0.9447117E+04
 -0.5208000E+05 -0.9436045E+04
 -0.5207000E+05 -0.9424978E+04
 -0.5206000E+05 -0.9413916E+04
 -0.5205000E+05 -0.9402859E+04
 -0.5204000E+05 -0.9391807E+04
 -0.5203000E+05 -0.9380760E+04
 -0.5202000E+05 -0.9369717E+04
 -0.5201000E+05 -0.9358679E+04
 -0.5200000E+05 -0.9347647E+04
 -0.5199000E+05 -0.9336619E+04
 -0.5198000E+05 -0.9325595E+04
 -0.5197000E+05 -0.9314577E+04
 -0.5196000E+05 -0.9303564E+04
 -0.5195000E+05 -0.9292555E+04
 -0.5194000E+05 -0.9281551E+04
 -0.5193000E+05 -0.9270552E+04
 -0.5192000E+05 -0.9259558E+04
 -0.5191000E+05 -0.9248569E+04
 -0.5190000E+05 -0.9237584E+04
 -0.5189000E+05 -0.9226605E+04
 -0.5188000E+05 -0.9215630E+04
 -0.5187000E+05 -0.9204660E+04
 -0.5186000E+05 -0.9193695E+04
 -0.5185000E+05 -0.9182735E+04
 -0.5184000E+05 -0.9171779E+04
 -0.5183000E+05 -0.9160828E+04
 -0.5182000E+05 -0.9149882E+04
 -0.5181000E+05 -0.9138941E+04
 -0.5180000E+05 -0.9128005E+04
 -0.5179000E+05 -0.9117073E+04
 -0.5178000E+05 -0.9106147E+04
 -0.5177000E+05 -0.9095225E+04
 -0.5176000E+05 -0.9084308E+04
 -0.5175000E+05 -0.9073395E+04
 -0.5174000E+05 -0.9062488E+04
 -0.5173000E+05 -0.9051585E+04
 -0.5172000E+05 -0.9040687E+04
 -0.5171000E+05 -0.9029794E+04
 -0.5170000E+05 -0.9018905E+04
 -0.5169000E+05 -0.9008022E+04
 -0.5168000E+05 -0.8997143E+04
 -0.5167000E+05 -0.8986269E+04
 -0.5166000E+05 -0.8975399E+04
 -0.5165000E+05 -0.8964535E+04
 -0.5164000E+05 -0.8953675E+04
 -0.5163000E+05 -0.8942820E+04
 -0.5162000E+05 -0.8931970E+04
 -0.5161000E+05 -0.8921124E+04
 -0.5160000E+05 -0.8910283E+04
 -0.5159000E+05 -0.8899447E+04
 -0.5158000E+05 -0.8888616E+04
 -0.5157000E+05 -0.8877789E+04
 -0.5156000E+05 -0.8866967E+04
 -0.5155000E+05 -0.8856150E+04
 -0.5154000E+05 -0.8845338E+04
 -0.5153000E+05 -0.8834530E+04
 -0.5152000E+05 -0.8823728E+04
 -0.5151000E+05 -0.8812929E+04
 -0.5150000E+05 -0.8802136E+04
 -0.5149000E+05 -0.8791347E+04
 -0.5148000E+05 -0.8780563E+04
 -0.5147000E+05 -0.8769784E+04
 -0.5146000E+05 -0.8759010E+04
 -0.5145000E+05 -0.8748240E+04
 -0.5144000E+05 -0.8737475E+04
 -0.5143000E+05 -0.8726714E+04
 -0.5142000E+05 -0.8715959E+04
 -0.5141000E+05 -0.8705208E+04
 -0.5140000E+05 -0.8694462E+04
 -0.5139000E+05 -0.8683720E+04
 -0.5138000E+05 -0.8672983E+04
 -0.5137000E+05 -0.8662251E+04
 -0.5136000E+05 -0.8651523E+04
 -0.5135000E+05 -0.8640801E+04
 -0.5134000E+05 -0.8630083E+04
 -0.5133000E+05 -0.8619369E+04
 -0.5132000E+05 -0.8608660E+04
 -0.5131000E+05 -0.8597956E+04
 -0.5130000E+05 -0.8587257E+04
 -0.5129000E+05 -0.8576562E+04
 -0.5128000E+05 -0.8565872E+04
 -0.5127000E+05 -0.8555187E+04
 -0.5126000E+05 -0.8544506E+04
 -0.5125000E+05 -0.8533830E+04
 -0.5124000E+05 -0.8523159E+04
 -0.5123000E+05 -0.8512492E+04
 -0.5122000E+05 -0.8501830E+04
 -0.5121000E+05 -0.8491173E+04
 -0.5120000E+05 -0.8480520E+04
 -0.5119000E+05 -0.8469872E+04
 -0.5118000E+05 -0.8459229E+04
 -0.5117000E+05 -0.8448590E+04
 -0.5116000E+05 -0.8437956E+04
 -0.5115000E+05 -0.8427326E+04
 -0.5114000E+05 -0.8416702E+04
 -0.5113000E+05 -0.8406081E+04
 -0.5112000E+05 -0.8395466E+04
 -0.5111000E+05 -0.8384855E+04
 -0.5110000E+05 -0.8374249E+04
 -0.5109000E+05 -0.8363647E+04
 -0.5108000E+05 -0.8353050E+04
 -0.5107000E+05 -0.8342457E+04
 -0.5106000E+05 -0.8331870E+04
 -0.5105000E+05 -0.8321286E+04
 -0.5104000E+05 -0.8310708E+04
 -0.5103000E+05 -0.8300134E+04
 -0.5102000E+05 -0.8289565E+04
 -0.5101000E+05 -0.8279000E+04
 -0.5100000E+05 -0.8268440E+04
 -0.5099000E+05 -0.8257884E+04
 -0.5098000E+05 -0.8247333E+04
 -0.5097000E+05 -0.8236787E+04
 -0.5096000E+05 -0.8226245E+04
 -0.5095000E+05 -0.8215708E+04
 -0.5094000E+05 -0.8205176E+04
 -0.5093000E+05 -0.8194648E+04
 -0.5092000E+05 -0.8184124E+04
 -0.5091000E+05 -0.8173606E+04
 -0.5090000E+05 -0.8163091E+04
 -0.5089000E+05 -0.8152582E+04
 -0.5088000E+05 -0.8142077E+04
 -0.5087000E+05 -0.8131576E+04
 -0.5086000E+05 -0.8121081E+04
 -0.5085000E+05 -0.8110589E+04
 -0.5084000E+05 -0.8100102E+04
 -0.5083000E+05 -0.8089620E+04
 -0.5082000E+05 -0.8079143E+04
 -0.5081000E+05 -0.8068670E+04
 -0.5080000E+05 -0.8058201E+04
 -0.5079000E+05 -0.8047737E+04
 -0.5078000E+05 -0.8037278E+04
 -0.5077000E+05 -0.8026823E+04
 -0.5076000E+05 -0.8016373E+04
 -0.5075000E+05 -0.8005927E+04
 -0.5074000E+05 -0.7995486E+04
 -0.5073000E+05 -0.7985049E+04
 -0.5072000E+05 -0.7974617E+04
 -0.5071000E+05 -0.7964190E+04
 -0.5070000E+05 -0.7953767E+04
 -0.5069000E+05 -0.7943348E+04
 -0.5068000E+05 -0.7932934E+04
 -0.5067000E+05 -0.7922525E+04
 -0.5066000E+05 -0.7912120E+04
 -0.5065000E+05 -0.7901720E+04
 -0.5064000E+05 -0.7891324E+04
 -0.5063000E+05 -0.7880932E+04
 -0.5062000E+05 -0.7870546E+04
 -0.5061000E+05 -0.7860163E+04
 -0.5060000E+05 -0.7849785E+04
 -0.5059000E+05 -0.7839412E+04
 -0.5058000E+05 -0.7829043E+04
 -0.5057000E+05 -0.7818679E+04
 -0.5056000E+05 -0.7808319E+04
 -0.5055000E+05 -0.7797964E+04
 -0.5054000E+05 -0.7787613E+04
 -0.5053000E+05 -0.7777267E+04
 -0.5052000E+05 -0.7766925E+04
 -0.5051000E+05 -0.7756588E+04
 -0.5050000E+05 -0.7746255E+04
 -0.5049000E+05 -0.7735927E+04
 -0.5048000E+05 -0.7725603E+04
 -0.5047000E+05 -0.7715284E+04
 -0.5046000E+05 -0.7704969E+04
 -0.5045000E+05 -0.7694659E+04
 -0.5044000E+05 -0.7684353E+04
 -0.5043000E+05 -0.7674051E+04
 -0.5042000E+05 -0.7663754E+04
 -0.5041000E+05 -0.7653462E+04
 -0.5040000E+05 -0.7643174E+04
 -0.5039000E+05 -0.7632890E+04
 -0.5038000E+05 -0.7622611E+04
 -0.5037000E+05 -0.7612337E+04
 -0.5036000E+05 -0.7602066E+04
 -0.5035000E+05 -0.7591801E+04
 -0.5034000E+05 -0.7581539E+04
 -0.5033000E+05 -0.7571283E+04
 -0.5032000E+05 -0.7561030E+04
 -0.5031000E+05 -0.7550782E+04
 -0.5030000E+05 -0.7540539E+04
 -0.5029000E+05 -0.7530300E+04
 -0.5028000E+05 -0.7520065E+04
 -0.5027000E+05 -0.7509835E+04
 -0.5026000E+05 -0.7499609E+04
 -0.5025000E+05 -0.7489388E+04
 -0.5024000E+05 -0.7479171E+04
 -0.5023000E+05 -0.7468959E+04
 -0.5022000E+05 -0.7458751E+04
 -0.5021000E+05 -0.7448547E+04
 -0.5020000E+05 -0.7438348E+04
 -0.5019000E+05 -0.7428153E+04
 -0.5018000E+05 -0.7417963E+04
 -0.5017000E+05 -0.7407777E+04
 -0.5016000E+05 -0.7397595E+04
 -0.5015000E+05 -0.7387418E+04
 -0.5014000E+05 -0.7377246E+04
 -0.5013000E+05 -0.7367077E+04
 -0.5012000E+05 -0.7356913E+04
 -0.5011000E+05 -0.7346754E+04
 -0.5010000E+05 -0.7336599E+04
 -0.5009000E+05 -0.7326448E+04
 -0.5008000E+05 -0.7316302E+04
 -0.5007000E+05 -0.7306160E+04
 -0.5006000E+05 -0.7296022E+04
 -0.5005000E+05 -0.7285889E+04
 -0.5004000E+05 -0.7275760E+04
 -0.5003000E+05 -0.7265636E+04
 -0.5002000E+05 -0.7255516E+04
 -0.5001000E+05 -0.7245400E+04
 -0.5000000E+05 -0.7235289E+04
 -0.4999000E+05 -0.7225182E+04
 -0.4998000E+05 -0.7215080E+04
 -0.4997000E+05 -0.7204982E+04
 -0.4996000E+05 -0.7194888E+04
 -0.4995000E+05 -0.7184799E+04
 -0.4994000E+05 -0.7174714E+04
 -0.4993000E+05 -0.7164633E+04
 -0.4992000E+05 -0.7154557E+04
 -0.4991000E+05 -0.7144485E+04
 -0.4990000E+05 -0.7134417E+04
 -0.4989000E+05 -0.7124354E+04
 -0.4988000E+05 -0.7114295E+04
 -0.4987000E+05 -0.7104240E+04
 -0.4986000E+05 -0.7094190E+04
 -0.4985000E+05 -0.7084144E+04
 -0.4984000E+05 -0.7074103E+04
 -0.4983000E+05 -0.7064065E+04
 -0.4982000E+05 -0.7054033E+04
 -0.4981000E+05 -0.7044004E+04
 -0.4980000E+05 -0.7033980E+04
 -0.4979000E+05 -0.7023960E+04
 -0.4978000E+05 -0.7013944E+04
 -0.4977000E+05 -0.7003933E+04
 -0.4976000E+05 -0.6993926E+04
 -0.4975000E+05 -0.6983924E+04
 -0.4974000E+05 -0.6973926E+04
 -0.4973000E+05 -0.6963932E+04
 -0.4972000E+05 -0.6953942E+04
 -0.4971000E+05 -0.6943957E+04
 -0.4970000E+05 -0.6933976E+04
 -0.4969000E+05 -0.6923999E+04
 -0.4968000E+05 -0.6914027E+04
 -0.4967000E+05 -0.6904058E+04
 -0.4966000E+05 -0.6894095E+04
 -0.4965000E+05 -0.6884135E+04
 -0.4964000E+05 -0.6874180E+04
 -0.4963000E+05 -0.6864229E+04
 -0.4962000E+05 -0.6854282E+04
 -0.4961000E+05 -0.6844340E+04
 -0.4960000E+05 -0.6834402E+04
 -0.4959000E+05 -0.6824468E+04
 -0.4958000E+05 -0.6814539E+04
 -0.4957000E+05 -0.6804614E+04
 -0.4956000E+05 -0.6794693E+04
 -0.4955000E+05 -0.6784776E+04
 -0.4954000E+05 -0.6774864E+04
 -0.4953000E+05 -0.6764955E+04
 -0.4952000E+05 -0.6755052E+04
 -0.4951000E+05 -0.6745152E+04
 -0.4950000E+05 -0.6735257E+04
 -0.4949000E+05 -0.6725366E+04
 -0.4948000E+05 -0.6715479E+04
 -0.4947000E+05 -0.6705596E+04
 -0.4946000E+05 -0.6695718E+04
 -0.4945000E+05 -0.6685844E+04
 -0.4944000E+05 -0.6675974E+04
 -0.4943000E+05 -0.6666109E+04
 -0.4942000E+05 -0.6656248E+04
 -0.4941000E+05 -0.6646391E+04
 -0.4940000E+05 -0.6636538E+04
 -0.4939000E+05 -0.6626689E+04
 -0.4938000E+05 -0.6616845E+04
 -0.4937000E+05 -0.6607005E+04
 -0.4936000E+05 -0.6597169E+04
 -0.4935000E+05 -0.6587337E+04
 -0.4934000E+05 -0.6577510E+04
 -0.4933000E+05 -0.6567687E+04
 -0.4932000E+05 -0.6557868E+04
 -0.4931000E+05 -0.6548053E+04
 -0.4930000E+05 -0.6538243E+04
 -0.4929000E+05 -0.6528437E+04
 -0.4928000E+05 -0.6518635E+04
 -0.4927000E+05 -0.6508837E+04
 -0.4926000E+05 -0.6499043E+04
 -0.4925000E+05 -0.6489254E+04
 -0.4924000E+05 -0.6479469E+04
 -0.4923000E+05 -0.6469688E+04
 -0.4922000E+05 -0.6459911E+04
 -0.4921000E+05 -0.6450138E+04
 -0.4920000E+05 -0.6440370E+04
 -0.4919000E+05 -0.6430606E+04
 -0.4918000E+05 -0.6420846E+04
 -0.4917000E+05 -0.6411090E+04
 -0.4916000E+05 -0.6401338E+04
 -0.4915000E+05 -0.6391591E+04
 -0.4914000E+05 -0.6381848E+04
 -0.4913000E+05 -0.6372109E+04
 -0.4912000E+05 -0.6362374E+04
 -0.4911000E+05 -0.6352643E+04
 -0.4910000E+05 -0.6342917E+04
 -0.4909000E+05 -0.6333194E+04
 -0.4908000E+05 -0.6323476E+04
 -0.4907000E+05 -0.6313762E+04
 -0.4906000E+05 -0.6304052E+04
 -0.4905000E+05 -0.6294347E+04
 -0.4904000E+05 -0.6284645E+04
 -0.4903000E+05 -0.6274948E+04
 -0.4902000E+05 -0.6265255E+04
 -0.4901000E+05 -0.6255566E+04
 -0.4900000E+05 -0.6245881E+04
 -0.4899000E+05 -0.6236200E+04
 -0.4898000E+05 -0.6226524E+04
 -0.4897000E+05 -0.6216851E+04
 -0.4896000E+05 -0.6207183E+04
 -0.4895000E+05 -0.6197519E+04
 -0.4894000E+05 -0.6187859E+04
 -0.4893000E+05 -0.6178203E+04
 -0.4892000E+05 -0.6168552E+04
 -0.4891000E+05 -0.6158904E+04
 -0.4890000E+05 -0.6149261E+04
 -0.4889000E+05 -0.6139621E+04
 -0.4888000E+05 -0.6129986E+04
 -0.4887000E+05 -0.6120355E+04
 -0.4886000E+05 -0.6110728E+04
 -0.4885000E+05 -0.6101106E+04
 -0.4884000E+05 -0.6091487E+04
 -0.4883000E+05 -0.6081872E+04
 -0.4882000E+05 -0.6072262E+04
 -0.4881000E+05 -0.6062656E+04
 -0.4880000E+05 -0.6053054E+04
 -0.4879000E+05 -0.6043456E+04
 -0.4878000E+05 -0.6033862E+04
 -0.4877000E+05 -0.6024272E+04
 -0.4876000E+05 -0.6014686E+04
 -0.4875000E+05 -0.6005105E+04
 -0.4874000E+05 -0.5995527E+04
 -0.4873000E+05 -0.5985954E+04
 -0.4872000E+05 -0.5976384E+04
 -0.4871000E+05 -0.5966819E+04
 -0.4870000E+05 -0.5957258E+04
 -0.4869000E+05 -0.5947701E+04
 -0.4868000E+05 -0.5938148E+04
 -0.4867000E+05 -0.5928599E+04
 -0.4866000E+05 -0.5919054E+04
 -0.4865000E+05 -0.5909514E+04
 -0.4864000E+05 -0.5899977E+04
 -0.4863000E+05 -0.5890444E+04
 -0.4862000E+05 -0.5880916E+04
 -0.4861000E+05 -0.5871392E+04
 -0.4860000E+05 -0.5861871E+04
 -0.4859000E+05 -0.5852355E+04
 -0.4858000E+05 -0.5842843E+04
 -0.4857000E+05 -0.5833335E+04
 -0.4856000E+05 -0.5823831E+04
 -0.4855000E+05 -0.5814331E+04
 -0.4854000E+05 -0.5804835E+04
 -0.4853000E+05 -0.5795343E+04
 -0.4852000E+05 -0.5785855E+04
 -0.4851000E+05 -0.5776371E+04
 -0.4850000E+05 -0.5766892E+04
 -0.4849000E+05 -0.5757416E+04
 -0.4848000E+05 -0.5747944E+04
 -0.4847000E+05 -0.5738477E+04
 -0.4846000E+05 -0.5729013E+04
 -0.4845000E+05 -0.5719554E+04
 -0.4844000E+05 -0.5710098E+04
 -0.4843000E+05 -0.5700647E+04
 -0.4842000E+05 -0.5691200E+04
 -0.4841000E+05 -0.5681756E+04
 -0.4840000E+05 -0.5672317E+04
 -0.4839000E+05 -0.5662882E+04
 -0.4838000E+05 -0.5653450E+04
 -0.4837000E+05 -0.5644023E+04
 -0.4836000E+05 -0.5634600E+04
 -0.4835000E+05 -0.5625181E+04
 -0.4834000E+05 -0.5615765E+04
 -0.4833000E+05 -0.5606354E+04
 -0.4832000E+05 -0.5596947E+04
 -0.4831000E+05 -0.5587544E+04
 -0.4830000E+05 -0.5578145E+04
 -0.4829000E+05 -0.5568750E+04
 -0.4828000E+05 -0.5559359E+04
 -0.4827000E+05 -0.5549971E+04
 -0.4826000E+05 -0.5540588E+04
 -0.4825000E+05 -0.5531209E+04
 -0.4824000E+05 -0.5521834E+04
 -0.4823000E+05 -0.5512463E+04
 -0.4822000E+05 -0.5503096E+04
 -0.4821000E+05 -0.5493733E+04
 -0.4820000E+05 -0.5484374E+04
 -0.4819000E+05 -0.5475018E+04
 -0.4818000E+05 -0.5465667E+04
 -0.4817000E+05 -0.5456320E+04
 -0.4816000E+05 -0.5446977E+04
 -0.4815000E+05 -0.5437638E+04
 -0.4814000E+05 -0.5428302E+04
 -0.4813000E+05 -0.5418971E+04
 -0.4812000E+05 -0.5409644E+04
 -0.4811000E+05 -0.5400320E+04
 -0.4810000E+05 -0.5391001E+04
 -0.4809000E+05 -0.5381686E+04
 -0.4808000E+05 -0.5372374E+04
 -0.4807000E+05 -0.5363067E+04
 -0.4806000E+05 -0.5353763E+04
 -0.4805000E+05 -0.5344464E+04
 -0.4804000E+05 -0.5335168E+04
 -0.4803000E+05 -0.5325876E+04
 -0.4802000E+05 -0.5316589E+04
 -0.4801000E+05 -0.5307305E+04
 -0.4800000E+05 -0.5298025E+04
 -0.4799000E+05 -0.5288749E+04
 -0.4798000E+05 -0.5279477E+04
 -0.4797000E+05 -0.5270209E+04
 -0.4796000E+05 -0.5260945E+04
 -0.4795000E+05 -0.5251685E+04
 -0.4794000E+05 -0.5242429E+04
 -0.4793000E+05 -0.5233177E+04
 -0.4792000E+05 -0.5223928E+04
 -0.4791000E+05 -0.5214684E+04
 -0.4790000E+05 -0.5205444E+04
 -0.4789000E+05 -0.5196207E+04
 -0.4788000E+05 -0.5186975E+04
 -0.4787000E+05 -0.5177746E+04
 -0.4786000E+05 -0.5168521E+04
 -0.4785000E+05 -0.5159300E+04
 -0.4784000E+05 -0.5150083E+04
 -0.4783000E+05 -0.5140870E+04
 -0.4782000E+05 -0.5131661E+04
 -0.4781000E+05 -0.5122456E+04
 -0.4780000E+05 -0.5113255E+04
 -0.4779000E+05 -0.5104057E+04
 -0.4778000E+05 -0.5094864E+04
 -0.4777000E+05 -0.5085674E+04
 -0.4776000E+05 -0.5076489E+04
 -0.4775000E+05 -0.5067307E+04
 -0.4774000E+05 -0.5058129E+04
 -0.4773000E+05 -0.5048955E+04
 -0.4772000E+05 -0.5039785E+04
 -0.4771000E+05 -0.5030619E+04
 -0.4770000E+05 -0.5021456E+04
 -0.4769000E+05 -0.5012298E+04
 -0.4768000E+05 -0.5003143E+04
 -0.4767000E+05 -0.4993993E+04
 -0.4766000E+05 -0.4984846E+04
 -0.4765000E+05 -0.4975703E+04
 -0.4764000E+05 -0.4966564E+04
 -0.4763000E+05 -0.4957429E+04
 -0.4762000E+05 -0.4948297E+04
 -0.4761000E+05 -0.4939170E+04
 -0.4760000E+05 -0.4930046E+04
 -0.4759000E+05 -0.4920927E+04
 -0.4758000E+05 -0.4911811E+04
 -0.4757000E+05 -0.4902699E+04
 -0.4756000E+05 -0.4893591E+04
 -0.4755000E+05 -0.4884486E+04
 -0.4754000E+05 -0.4875386E+04
 -0.4753000E+05 -0.4866289E+04
 -0.4752000E+05 -0.4857197E+04
 -0.4751000E+05 -0.4848108E+04
 -0.4750000E+05 -0.4839023E+04
 -0.4749000E+05 -0.4829942E+04
 -0.4748000E+05 -0.4820864E+04
 -0.4747000E+05 -0.4811791E+04
 -0.4746000E+05 -0.4802721E+04
 -0.4745000E+05 -0.4793655E+04
 -0.4744000E+05 -0.4784593E+04
 -0.4743000E+05 -0.4775535E+04
 -0.4742000E+05 -0.4766481E+04
 -0.4741000E+05 -0.4757430E+04
 -0.4740000E+05 -0.4748384E+04
 -0.4739000E+05 -0.4739341E+04
 -0.4738000E+05 -0.4730302E+04
 -0.4737000E+05 -0.4721267E+04
 -0.4736000E+05 -0.4712235E+04
 -0.4735000E+05 -0.4703208E+04
 -0.4734000E+05 -0.4694184E+04
 -0.4733000E+05 -0.4685164E+04
 -0.4732000E+05 -0.4676148E+04
 -0.4731000E+05 -0.4667135E+04
 -0.4730000E+05 -0.4658127E+04
 -0.4729000E+05 -0.4649122E+04
 -0.4728000E+05 -0.4640121E+04
 -0.4727000E+05 -0.4631124E+04
 -0.4726000E+05 -0.4622131E+04
 -0.4725000E+05 -0.4613141E+04
 -0.4724000E+05 -0.4604156E+04
 -0.4723000E+05 -0.4595174E+04
 -0.4722000E+05 -0.4586195E+04
 -0.4721000E+05 -0.4577221E+04
 -0.4720000E+05 -0.4568251E+04
 -0.4719000E+05 -0.4559284E+04
 -0.4718000E+05 -0.4550321E+04
 -0.4717000E+05 -0.4541362E+04
 -0.4716000E+05 -0.4532406E+04
 -0.4715000E+05 -0.4523454E+04
 -0.4714000E+05 -0.4514507E+04
 -0.4713000E+05 -0.4505562E+04
 -0.4712000E+05 -0.4496622E+04
 -0.4711000E+05 -0.4487685E+04
 -0.4710000E+05 -0.4478753E+04
 -0.4709000E+05 -0.4469824E+04
 -0.4708000E+05 -0.4460898E+04
 -0.4707000E+05 -0.4451977E+04
 -0.4706000E+05 -0.4443059E+04
 -0.4705000E+05 -0.4434145E+04
 -0.4704000E+05 -0.4425235E+04
 -0.4703000E+05 -0.4416328E+04
 -0.4702000E+05 -0.4407425E+04
 -0.4701000E+05 -0.4398526E+04
 -0.4700000E+05 -0.4389631E+04
 -0.4699000E+05 -0.4380740E+04
 -0.4698000E+05 -0.4371852E+04
 -0.4697000E+05 -0.4362968E+04
 -0.4696000E+05 -0.4354088E+04
 -0.4695000E+05 -0.4345211E+04
 -0.4694000E+05 -0.4336338E+04
 -0.4693000E+05 -0.4327469E+04
 -0.4692000E+05 -0.4318604E+04
 -0.4691000E+05 -0.4309742E+04
 -0.4690000E+05 -0.4300884E+04
 -0.4689000E+05 -0.4292030E+04
 -0.4688000E+05 -0.4283180E+04
 -0.4687000E+05 -0.4274333E+04
 -0.4686000E+05 -0.4265490E+04
 -0.4685000E+05 -0.4256650E+04
 -0.4684000E+05 -0.4247815E+04
 -0.4683000E+05 -0.4238983E+04
 -0.4682000E+05 -0.4230155E+04
 -0.4681000E+05 -0.4221330E+04
 -0.4680000E+05 -0.4212510E+04
 -0.4679000E+05 -0.4203693E+04
 -0.4678000E+05 -0.4194879E+04
 -0.4677000E+05 -0.4186070E+04
 -0.4676000E+05 -0.4177264E+04
 -0.4675000E+05 -0.4168461E+04
 -0.4674000E+05 -0.4159663E+04
 -0.4673000E+05 -0.4150868E+04
 -0.4672000E+05 -0.4142077E+04
 -0.4671000E+05 -0.4133289E+04
 -0.4670000E+05 -0.4124506E+04
 -0.4669000E+05 -0.4115726E+04
 -0.4668000E+05 -0.4106949E+04
 -0.4667000E+05 -0.4098176E+04
 -0.4666000E+05 -0.4089407E+04
 -0.4665000E+05 -0.4080642E+04
 -0.4664000E+05 -0.4071880E+04
 -0.4663000E+05 -0.4063122E+04
 -0.4662000E+05 -0.4054368E+04
 -0.4661000E+05 -0.4045617E+04
 -0.4660000E+05 -0.4036870E+04
 -0.4659000E+05 -0.4028127E+04
 -0.4658000E+05 -0.4019387E+04
 -0.4657000E+05 -0.4010651E+04
 -0.4656000E+05 -0.4001919E+04
 -0.4655000E+05 -0.3993190E+04
 -0.4654000E+05 -0.3984465E+04
 -0.4653000E+05 -0.3975744E+04
 -0.4652000E+05 -0.3967026E+04
 -0.4651000E+05 -0.3958312E+04
 -0.4650000E+05 -0.3949602E+04
 -0.4649000E+05 -0.3940895E+04
 -0.4648000E+05 -0.3932192E+04
 -0.4647000E+05 -0.3923492E+04
 -0.4646000E+05 -0.3914796E+04
 -0.4645000E+05 -0.3906104E+04
 -0.4644000E+05 -0.3897415E+04
 -0.4643000E+05 -0.3888731E+04
 -0.4642000E+05 -0.3880049E+04
 -0.4641000E+05 -0.3871372E+04
 -0.4640000E+05 -0.3862698E+04
 -0.4639000E+05 -0.3854027E+04
 -0.4638000E+05 -0.3845360E+04
 -0.4637000E+05 -0.3836697E+04
 -0.4636000E+05 -0.3828038E+04
 -0.4635000E+05 -0.3819382E+04
 -0.4634000E+05 -0.3810729E+04
 -0.4633000E+05 -0.3802081E+04
 -0.4632000E+05 -0.3793436E+04
 -0.4631000E+05 -0.3784794E+04
 -0.4630000E+05 -0.3776156E+04
 -0.4629000E+05 -0.3767522E+04
 -0.4628000E+05 -0.3758892E+04
 -0.4627000E+05 -0.3750264E+04
 -0.4626000E+05 -0.3741641E+04
 -0.4625000E+05 -0.3733021E+04
 -0.4624000E+05 -0.3724405E+04
 -0.4623000E+05 -0.3715792E+04
 -0.4622000E+05 -0.3707183E+04
 -0.4621000E+05 -0.3698578E+04
 -0.4620000E+05 -0.3689976E+04
 -0.4619000E+05 -0.3681378E+04
 -0.4618000E+05 -0.3672783E+04
 -0.4617000E+05 -0.3664192E+04
 -0.4616000E+05 -0.3655605E+04
 -0.4615000E+05 -0.3647021E+04
 -0.4614000E+05 -0.3638440E+04
 -0.4613000E+05 -0.3629864E+04
 -0.4612000E+05 -0.3621291E+04
 -0.4611000E+05 -0.3612721E+04
 -0.4610000E+05 -0.3604155E+04
 -0.4609000E+05 -0.3595592E+04
 -0.4608000E+05 -0.3587034E+04
 -0.4607000E+05 -0.3578478E+04
 -0.4606000E+05 -0.3569927E+04
 -0.4605000E+05 -0.3561378E+04
 -0.4604000E+05 -0.3552834E+04
 -0.4603000E+05 -0.3544293E+04
 -0.4602000E+05 -0.3535755E+04
 -0.4601000E+05 -0.3527221E+04
 -0.4600000E+05 -0.3518691E+04
 -0.4599000E+05 -0.3510164E+04
 -0.4598000E+05 -0.3501641E+04
 -0.4597000E+05 -0.3493121E+04
 -0.4596000E+05 -0.3484605E+04
 -0.4595000E+05 -0.3476092E+04
 -0.4594000E+05 -0.3467583E+04
 -0.4593000E+05 -0.3459077E+04
 -0.4592000E+05 -0.3450575E+04
 -0.4591000E+05 -0.3442077E+04
 -0.4590000E+05 -0.3433582E+04
 -0.4589000E+05 -0.3425091E+04
 -0.4588000E+05 -0.3416603E+04
 -0.4587000E+05 -0.3408118E+04
 -0.4586000E+05 -0.3399637E+04
 -0.4585000E+05 -0.3391160E+04
 -0.4584000E+05 -0.3382686E+04
 -0.4583000E+05 -0.3374216E+04
 -0.4582000E+05 -0.3365749E+04
 -0.4581000E+05 -0.3357286E+04
 -0.4580000E+05 -0.3348826E+04
 -0.4579000E+05 -0.3340370E+04
 -0.4578000E+05 -0.3331918E+04
 -0.4577000E+05 -0.3323469E+04
 -0.4576000E+05 -0.3315023E+04
 -0.4575000E+05 -0.3306581E+04
 -0.4574000E+05 -0.3298142E+04
 -0.4573000E+05 -0.3289707E+04
 -0.4572000E+05 -0.3281275E+04
 -0.4571000E+05 -0.3272847E+04
 -0.4570000E+05 -0.3264423E+04
 -0.4569000E+05 -0.3256002E+04
 -0.4568000E+05 -0.3247584E+04
 -0.4567000E+05 -0.3239170E+04
 -0.4566000E+05 -0.3230759E+04
 -0.4565000E+05 -0.3222352E+04
 -0.4564000E+05 -0.3213948E+04
 -0.4563000E+05 -0.3205548E+04
 -0.4562000E+05 -0.3197151E+04
 -0.4561000E+05 -0.3188758E+04
 -0.4560000E+05 -0.3180368E+04
 -0.4559000E+05 -0.3171982E+04
 -0.4558000E+05 -0.3163599E+04
 -0.4557000E+05 -0.3155220E+04
 -0.4556000E+05 -0.3146844E+04
 -0.4555000E+05 -0.3138472E+04
 -0.4554000E+05 -0.3130103E+04
 -0.4553000E+05 -0.3121738E+04
 -0.4552000E+05 -0.3113376E+04
 -0.4551000E+05 -0.3105017E+04
 -0.4550000E+05 -0.3096662E+04
 -0.4549000E+05 -0.3088311E+04
 -0.4548000E+05 -0.3079963E+04
 -0.4547000E+05 -0.3071618E+04
 -0.4546000E+05 -0.3063277E+04
 -0.4545000E+05 -0.3054939E+04
 -0.4544000E+05 -0.3046605E+04
 -0.4543000E+05 -0.3038274E+04
 -0.4542000E+05 -0.3029947E+04
 -0.4541000E+05 -0.3021623E+04
 -0.4540000E+05 -0.3013302E+04
 -0.4539000E+05 -0.3004985E+04
 -0.4538000E+05 -0.2996671E+04
 -0.4537000E+05 -0.2988361E+04
 -0.4536000E+05 -0.2980055E+04
 -0.4535000E+05 -0.2971751E+04
 -0.4534000E+05 -0.2963451E+04
 -0.4533000E+05 -0.2955155E+04
 -0.4532000E+05 -0.2946862E+04
 -0.4531000E+05 -0.2938572E+04
 -0.4530000E+05 -0.2930286E+04
 -0.4529000E+05 -0.2922004E+04
 -0.4528000E+05 -0.2913724E+04
 -0.4527000E+05 -0.2905448E+04
 -0.4526000E+05 -0.2897176E+04
 -0.4525000E+05 -0.2888907E+04
 -0.4524000E+05 -0.2880641E+04
 -0.4523000E+05 -0.2872379E+04
 -0.4522000E+05 -0.2864120E+04
 -0.4521000E+05 -0.2855865E+04
 -0.4520000E+05 -0.2847613E+04
 -0.4519000E+05 -0.2839364E+04
 -0.4518000E+05 -0.2831119E+04
 -0.4517000E+05 -0.2822878E+04
 -0.4516000E+05 -0.2814639E+04
 -0.4515000E+05 -0.2806404E+04
 -0.4514000E+05 -0.2798173E+04
 -0.4513000E+05 -0.2789945E+04
 -0.4512000E+05 -0.2781720E+04
 -0.4511000E+05 -0.2773499E+04
 -0.4510000E+05 -0.2765281E+04
 -0.4509000E+05 -0.2757066E+04
 -0.4508000E+05 -0.2748855E+04
 -0.4507000E+05 -0.2740647E+04
 -0.4506000E+05 -0.2732443E+04
 -0.4505000E+05 -0.2724242E+04
 -0.4504000E+05 -0.2716044E+04
 -0.4503000E+05 -0.2707850E+04
 -0.4502000E+05 -0.2699659E+04
 -0.4501000E+05 -0.2691471E+04
 -0.4500000E+05 -0.2683287E+04
 -0.4499000E+05 -0.2675106E+04
 -0.4498000E+05 -0.2666929E+04
 -0.4497000E+05 -0.2658755E+04
 -0.4496000E+05 -0.2650584E+04
 -0.4495000E+05 -0.2642417E+04
 -0.4494000E+05 -0.2634253E+04
 -0.4493000E+05 -0.2626093E+04
 -0.4492000E+05 -0.2617935E+04
 -0.4491000E+05 -0.2609782E+04
 -0.4490000E+05 -0.2601631E+04
 -0.4489000E+05 -0.2593484E+04
 -0.4488000E+05 -0.2585340E+04
 -0.4487000E+05 -0.2577200E+04
 -0.4486000E+05 -0.2569063E+04
 -0.4485000E+05 -0.2560929E+04
 -0.4484000E+05 -0.2552799E+04
 -0.4483000E+05 -0.2544672E+04
 -0.4482000E+05 -0.2536548E+04
 -0.4481000E+05 -0.2528428E+04
 -0.4480000E+05 -0.2520311E+04
 -0.4479000E+05 -0.2512197E+04
 -0.4478000E+05 -0.2504087E+04
 -0.4477000E+05 -0.2495980E+04
 -0.4476000E+05 -0.2487876E+04
 -0.4475000E+05 -0.2479776E+04
 -0.4474000E+05 -0.2471679E+04
 -0.4473000E+05 -0.2463585E+04
 -0.4472000E+05 -0.2455495E+04
 -0.4471000E+05 -0.2447408E+04
 -0.4470000E+05 -0.2439324E+04
 -0.4469000E+05 -0.2431244E+04
 -0.4468000E+05 -0.2423167E+04
 -0.4467000E+05 -0.2415093E+04
 -0.4466000E+05 -0.2407023E+04
 -0.4465000E+05 -0.2398955E+04
 -0.4464000E+05 -0.2390892E+04
 -0.4463000E+05 -0.2382831E+04
 -0.4462000E+05 -0.2374774E+04
 -0.4461000E+05 -0.2366720E+04
 -0.4460000E+05 -0.2358670E+04
 -0.4459000E+05 -0.2350623E+04
 -0.4458000E+05 -0.2342579E+04
 -0.4457000E+05 -0.2334538E+04
 -0.4456000E+05 -0.2326501E+04
 -0.4455000E+05 -0.2318467E+04
 -0.4454000E+05 -0.2310436E+04
 -0.4453000E+05 -0.2302409E+04
 -0.4452000E+05 -0.2294384E+04
 -0.4451000E+05 -0.2286364E+04
 -0.4450000E+05 -0.2278346E+04
 -0.4449000E+05 -0.2270332E+04
 -0.4448000E+05 -0.2262321E+04
 -0.4447000E+05 -0.2254313E+04
 -0.4446000E+05 -0.2246309E+04
 -0.4445000E+05 -0.2238308E+04
 -0.4444000E+05 -0.2230310E+04
 -0.4443000E+05 -0.2222315E+04
 -0.4442000E+05 -0.2214324E+04
 -0.4441000E+05 -0.2206336E+04
 -0.4440000E+05 -0.2198351E+04
 -0.4439000E+05 -0.2190370E+04
 -0.4438000E+05 -0.2182392E+04
 -0.4437000E+05 -0.2174417E+04
 -0.4436000E+05 -0.2166445E+04
 -0.4435000E+05 -0.2158477E+04
 -0.4434000E+05 -0.2150512E+04
 -0.4433000E+05 -0.2142550E+04
 -0.4432000E+05 -0.2134591E+04
 -0.4431000E+05 -0.2126636E+04
 -0.4430000E+05 -0.2118684E+04
 -0.4429000E+05 -0.2110735E+04
 -0.4428000E+05 -0.2102789E+04
 -0.4427000E+05 -0.2094847E+04
 -0.4426000E+05 -0.2086908E+04
 -0.4425000E+05 -0.2078972E+04
 -0.4424000E+05 -0.2071040E+04
 -0.4423000E+05 -0.2063110E+04
 -0.4422000E+05 -0.2055184E+04
 -0.4421000E+05 -0.2047262E+04
 -0.4420000E+05 -0.2039342E+04
 -0.4419000E+05 -0.2031426E+04
 -0.4418000E+05 -0.2023513E+04
 -0.4417000E+05 -0.2015603E+04
 -0.4416000E+05 -0.2007696E+04
 -0.4415000E+05 -0.1999793E+04
 -0.4414000E+05 -0.1991893E+04
 -0.4413000E+05 -0.1983996E+04
 -0.4412000E+05 -0.1976102E+04
 -0.4411000E+05 -0.1968212E+04
 -0.4410000E+05 -0.1960324E+04
 -0.4409000E+05 -0.1952440E+04
 -0.4408000E+05 -0.1944559E+04
 -0.4407000E+05 -0.1936682E+04
 -0.4406000E+05 -0.1928808E+04
 -0.4405000E+05 -0.1920936E+04
 -0.4404000E+05 -0.1913069E+04
 -0.4403000E+05 -0.1905204E+04
 -0.4402000E+05 -0.1897342E+04
 -0.4401000E+05 -0.1889484E+04
 -0.4400000E+05 -0.1881629E+04
 -0.4399000E+05 -0.1873777E+04
 -0.4398000E+05 -0.1865929E+04
 -0.4397000E+05 -0.1858083E+04
 -0.4396000E+05 -0.1850241E+04
 -0.4395000E+05 -0.1842402E+04
 -0.4394000E+05 -0.1834566E+04
 -0.4393000E+05 -0.1826733E+04
 -0.4392000E+05 -0.1818904E+04
 -0.4391000E+05 -0.1811078E+04
 -0.4390000E+05 -0.1803255E+04
 -0.4389000E+05 -0.1795435E+04
 -0.4388000E+05 -0.1787618E+04
 -0.4387000E+05 -0.1779805E+04
 -0.4386000E+05 -0.1771994E+04
 -0.4385000E+05 -0.1764187E+04
 -0.4384000E+05 -0.1756383E+04
 -0.4383000E+05 -0.1748583E+04
 -0.4382000E+05 -0.1740785E+04
 -0.4381000E+05 -0.1732991E+04
 -0.4380000E+05 -0.1725200E+04
 -0.4379000E+05 -0.1717412E+04
 -0.4378000E+05 -0.1709627E+04
 -0.4377000E+05 -0.1701845E+04
 -0.4376000E+05 -0.1694067E+04
 -0.4375000E+05 -0.1686291E+04
 -0.4374000E+05 -0.1678519E+04
 -0.4373000E+05 -0.1670750E+04
 -0.4372000E+05 -0.1662984E+04
 -0.4371000E+05 -0.1655222E+04
 -0.4370000E+05 -0.1647462E+04
 -0.4369000E+05 -0.1639706E+04
 -0.4368000E+05 -0.1631953E+04
 -0.4367000E+05 -0.1624203E+04
 -0.4366000E+05 -0.1616456E+04
 -0.4365000E+05 -0.1608712E+04
 -0.4364000E+05 -0.1600972E+04
 -0.4363000E+05 -0.1593234E+04
 -0.4362000E+05 -0.1585500E+04
 -0.4361000E+05 -0.1577769E+04
 -0.4360000E+05 -0.1570041E+04
 -0.4359000E+05 -0.1562316E+04
 -0.4358000E+05 -0.1554595E+04
 -0.4357000E+05 -0.1546876E+04
 -0.4356000E+05 -0.1539161E+04
 -0.4355000E+05 -0.1531449E+04
 -0.4354000E+05 -0.1523740E+04
 -0.4353000E+05 -0.1516034E+04
 -0.4352000E+05 -0.1508331E+04
 -0.4351000E+05 -0.1500631E+04
 -0.4350000E+05 -0.1492935E+04
 -0.4349000E+05 -0.1485241E+04
 -0.4348000E+05 -0.1477551E+04
 -0.4347000E+05 -0.1469864E+04
 -0.4346000E+05 -0.1462180E+04
 -0.4345000E+05 -0.1454499E+04
 -0.4344000E+05 -0.1446821E+04
 -0.4343000E+05 -0.1439146E+04
 -0.4342000E+05 -0.1431475E+04
 -0.4341000E+05 -0.1423806E+04
 -0.4340000E+05 -0.1416141E+04
 -0.4339000E+05 -0.1408479E+04
 -0.4338000E+05 -0.1400820E+04
 -0.4337000E+05 -0.1393164E+04
 -0.4336000E+05 -0.1385511E+04
 -0.4335000E+05 -0.1377861E+04
 -0.4334000E+05 -0.1370214E+04
 -0.4333000E+05 -0.1362571E+04
 -0.4332000E+05 -0.1354930E+04
 -0.4331000E+05 -0.1347293E+04
 -0.4330000E+05 -0.1339659E+04
 -0.4329000E+05 -0.1332028E+04
 -0.4328000E+05 -0.1324400E+04
 -0.4327000E+05 -0.1316775E+04
 -0.4326000E+05 -0.1309153E+04
 -0.4325000E+05 -0.1301534E+04
 -0.4324000E+05 -0.1293918E+04
 -0.4323000E+05 -0.1286306E+04
 -0.4322000E+05 -0.1278696E+04
 -0.4321000E+05 -0.1271090E+04
 -0.4320000E+05 -0.1263486E+04
 -0.4319000E+05 -0.1255886E+04
 -0.4318000E+05 -0.1248289E+04
 -0.4317000E+05 -0.1240695E+04
 -0.4316000E+05 -0.1233104E+04
 -0.4315000E+05 -0.1225516E+04
 -0.4314000E+05 -0.1217931E+04
 -0.4313000E+05 -0.1210349E+04
 -0.4312000E+05 -0.1202770E+04
 -0.4311000E+05 -0.1195195E+04
 -0.4310000E+05 -0.1187622E+04
 -0.4309000E+05 -0.1180052E+04
 -0.4308000E+05 -0.1172486E+04
 -0.4307000E+05 -0.1164923E+04
 -0.4306000E+05 -0.1157362E+04
 -0.4305000E+05 -0.1149805E+04
 -0.4304000E+05 -0.1142251E+04
 -0.4303000E+05 -0.1134699E+04
 -0.4302000E+05 -0.1127151E+04
 -0.4301000E+05 -0.1119606E+04
 -0.4300000E+05 -0.1112064E+04
 -0.4299000E+05 -0.1104525E+04
 -0.4298000E+05 -0.1096989E+04
 -0.4297000E+05 -0.1089456E+04
 -0.4296000E+05 -0.1081926E+04
 -0.4295000E+05 -0.1074400E+04
 -0.4294000E+05 -0.1066876E+04
 -0.4293000E+05 -0.1059355E+04
 -0.4292000E+05 -0.1051837E+04
 -0.4291000E+05 -0.1044323E+04
 -0.4290000E+05 -0.1036811E+04
 -0.4289000E+05 -0.1029303E+04
 -0.4288000E+05 -0.1021797E+04
 -0.4287000E+05 -0.1014294E+04
 -0.4286000E+05 -0.1006795E+04
 -0.4285000E+05 -0.9992984E+03
 -0.4284000E+05 -0.9918049E+03
 -0.4283000E+05 -0.9843145E+03
 -0.4282000E+05 -0.9768270E+03
 -0.4281000E+05 -0.9693426E+03
 -0.4280000E+05 -0.9618612E+03
 -0.4279000E+05 -0.9543828E+03
 -0.4278000E+05 -0.9469074E+03
 -0.4277000E+05 -0.9394350E+03
 -0.4276000E+05 -0.9319657E+03
 -0.4275000E+05 -0.9244993E+03
 -0.4274000E+05 -0.9170359E+03
 -0.4273000E+05 -0.9095756E+03
 -0.4272000E+05 -0.9021182E+03
 -0.4271000E+05 -0.8946639E+03
 -0.4270000E+05 -0.8872125E+03
 -0.4269000E+05 -0.8797641E+03
 -0.4268000E+05 -0.8723187E+03
 -0.4267000E+05 -0.8648764E+03
 -0.4266000E+05 -0.8574370E+03
 -0.4265000E+05 -0.8500005E+03
 -0.4264000E+05 -0.8425671E+03
 -0.4263000E+05 -0.8351367E+03
 -0.4262000E+05 -0.8277092E+03
 -0.4261000E+05 -0.8202847E+03
 -0.4260000E+05 -0.8128632E+03
 -0.4259000E+05 -0.8054447E+03
 -0.4258000E+05 -0.7980291E+03
 -0.4257000E+05 -0.7906165E+03
 -0.4256000E+05 -0.7832069E+03
 -0.4255000E+05 -0.7758003E+03
 -0.4254000E+05 -0.7683966E+03
 -0.4253000E+05 -0.7609959E+03
 -0.4252000E+05 -0.7535981E+03
 -0.4251000E+05 -0.7462033E+03
 -0.4250000E+05 -0.7388115E+03
 -0.4249000E+05 -0.7314226E+03
 -0.4248000E+05 -0.7240367E+03
 -0.4247000E+05 -0.7166537E+03
 -0.4246000E+05 -0.7092736E+03
 -0.4245000E+05 -0.7018965E+03
 -0.4244000E+05 -0.6945224E+03
 -0.4243000E+05 -0.6871512E+03
 -0.4242000E+05 -0.6797829E+03
 -0.4241000E+05 -0.6724176E+03
 -0.4240000E+05 -0.6650552E+03
 -0.4239000E+05 -0.6576958E+03
 -0.4238000E+05 -0.6503393E+03
 -0.4237000E+05 -0.6429857E+03
 -0.4236000E+05 -0.6356350E+03
 -0.4235000E+05 -0.6282873E+03
 -0.4234000E+05 -0.6209425E+03
 -0.4233000E+05 -0.6136006E+03
 -0.4232000E+05 -0.6062616E+03
 -0.4231000E+05 -0.5989256E+03
 -0.4230000E+05 -0.5915924E+03
 -0.4229000E+05 -0.5842622E+03
 -0.4228000E+05 -0.5769349E+03
 -0.4227000E+05 -0.5696105E+03
 -0.4226000E+05 -0.5622890E+03
 -0.4225000E+05 -0.5549704E+03
 -0.4224000E+05 -0.5476547E+03
 -0.4223000E+05 -0.5403419E+03
 -0.4222000E+05 -0.5330320E+03
 -0.4221000E+05 -0.5257250E+03
 -0.4220000E+05 -0.5184209E+03
 -0.4219000E+05 -0.5111196E+03
 -0.4218000E+05 -0.5038213E+03
 -0.4217000E+05 -0.4965258E+03
 -0.4216000E+05 -0.4892333E+03
 -0.4215000E+05 -0.4819436E+03
 -0.4214000E+05 -0.4746568E+03
 -0.4213000E+05 -0.4673728E+03
 -0.4212000E+05 -0.4600917E+03
 -0.4211000E+05 -0.4528136E+03
 -0.4210000E+05 -0.4455382E+03
 -0.4209000E+05 -0.4382658E+03
 -0.4208000E+05 -0.4309961E+03
 -0.4207000E+05 -0.4237294E+03
 -0.4206000E+05 -0.4164655E+03
 -0.4205000E+05 -0.4092045E+03
 -0.4204000E+05 -0.4019463E+03
 -0.4203000E+05 -0.3946910E+03
 -0.4202000E+05 -0.3874385E+03
 -0.4201000E+05 -0.3801888E+03
 -0.4200000E+05 -0.3729421E+03
 -0.4199000E+05 -0.3656981E+03
 -0.4198000E+05 -0.3584570E+03
 -0.4197000E+05 -0.3512187E+03
 -0.4196000E+05 -0.3439832E+03
 -0.4195000E+05 -0.3367506E+03
 -0.4194000E+05 -0.3295208E+03
 -0.4193000E+05 -0.3222938E+03
 -0.4192000E+05 -0.3150696E+03
 -0.4191000E+05 -0.3078483E+03
 -0.4190000E+05 -0.3006298E+03
 -0.4189000E+05 -0.2934140E+03
 -0.4188000E+05 -0.2862011E+03
 -0.4187000E+05 -0.2789910E+03
 -0.4186000E+05 -0.2717837E+03
 -0.4185000E+05 -0.2645792E+03
 -0.4184000E+05 -0.2573775E+03
 -0.4183000E+05 -0.2501785E+03
 -0.4182000E+05 -0.2429824E+03
 -0.4181000E+05 -0.2357891E+03
 -0.4180000E+05 -0.2285985E+03
 -0.4179000E+05 -0.2214107E+03
 -0.4178000E+05 -0.2142257E+03
 -0.4177000E+05 -0.2070435E+03
 -0.4176000E+05 -0.1998641E+03
 -0.4175000E+05 -0.1926874E+03
 -0.4174000E+05 -0.1855135E+03
 -0.4173000E+05 -0.1783423E+03
 -0.4172000E+05 -0.1711739E+03
 -0.4171000E+05 -0.1640083E+03
 -0.4170000E+05 -0.1568454E+03
 -0.4169000E+05 -0.1496853E+03
 -0.4168000E+05 -0.1425279E+03
 -0.4167000E+05 -0.1353732E+03
 -0.4166000E+05 -0.1282213E+03
 -0.4165000E+05 -0.1210721E+03
 -0.4164000E+05 -0.1139257E+03
 -0.4163000E+05 -0.1067820E+03
 -0.4162000E+05 -0.9964100E+02
 -0.4161000E+05 -0.9250273E+02
 -0.4160000E+05 -0.8536718E+02
 -0.4159000E+05 -0.7823435E+02
 -0.4158000E+05 -0.7110424E+02
 -0.4157000E+05 -0.6397681E+02
 -0.4156000E+05 -0.5685211E+02
 -0.4155000E+05 -0.4973011E+02
 -0.4154000E+05 -0.4261081E+02
 -0.4153000E+05 -0.3549418E+02
 -0.4152000E+05 -0.2838026E+02
 -0.4151000E+05 -0.2126901E+02
 -0.4150000E+05 -0.1416046E+02
 -0.4149000E+05 -0.7054573E+01
 -0.4148000E+05  0.4862321E-01
